MF996621.1-40/1	sp|Q6Q1S2|SPIKE_CVHNL	93.750	32	2	0	3	98	530	561	1.97e-14	67.0
MF996621.1-40/1	sp|P10033|SPIKE_FIPV	68.750	16	5	0	48	95	608	623	0.036	32.3
MF996621.1-40/1	sp|Q65984|SPIKE_CVCAK	68.750	16	5	0	48	95	609	624	0.049	32.0
MF996621.1-40/1	sp|P36300|SPIKE_CVCAI	68.750	16	5	0	48	95	608	623	0.049	32.0
MF996621.1-40/1	sp|P24413|SPIKE_CVPRM	68.750	16	5	0	48	95	381	396	0.049	32.0
MF996621.1-40/1	sp|P27655|SPIKE_CVPR8	68.750	16	5	0	48	95	381	396	0.050	32.0
MF996621.1-40/1	sp|Q7T6T3|SPIKE_CVCBG	68.750	16	5	0	48	95	609	624	0.050	32.0
MF996621.1-40/1	sp|P33470|SPIKE_CVPMI	68.750	16	5	0	48	95	605	620	0.054	32.0
MF996621.1-40/1	sp|Q01977|SPIKE_CVPRT	68.750	16	5	0	48	95	603	618	0.054	32.0
MF996621.1-40/1	sp|P18450|SPIKE_CVPFS	68.750	16	5	0	48	95	605	620	0.055	32.0
MF996621.1-40/1	sp|P07946|SPIKE_CVPPU	68.750	16	5	0	48	95	603	618	0.055	32.0
MF996621.1-40/1	sp|P15423|SPIKE_CVH22	50.000	20	10	0	36	95	360	379	0.25	30.0
MF996621.1-40/1	sp|A0LL53|SYN_SYNFM	44.000	25	13	1	3	74	408	432	8.2	25.8
MF996621.1-40/1	sp|H1A988|C7254_GLYUR	52.632	19	9	0	88	32	166	184	9.6	25.8
MF996621.1-40/2	sp|Q6Q1S2|SPIKE_CVHNL	96.970	33	1	0	100	2	748	780	3.57e-13	63.5
MF996621.1-40/2	sp|P15423|SPIKE_CVH22	84.848	33	5	0	100	2	567	599	5.90e-12	60.1
MF996621.1-40/2	sp|P10033|SPIKE_FIPV	53.846	26	12	0	79	2	830	855	0.006	34.7
MF996621.1-40/2	sp|Q7T6T3|SPIKE_CVCBG	53.846	26	12	0	79	2	831	856	0.007	34.3
MF996621.1-40/2	sp|P27655|SPIKE_CVPR8	53.846	26	12	0	79	2	603	628	0.008	34.3
MF996621.1-40/2	sp|P24413|SPIKE_CVPRM	53.846	26	12	0	79	2	603	628	0.008	34.3
MF996621.1-40/2	sp|Q65984|SPIKE_CVCAK	53.846	26	12	0	79	2	831	856	0.008	34.3
MF996621.1-40/2	sp|P36300|SPIKE_CVCAI	53.846	26	12	0	79	2	829	854	0.008	34.3
MF996621.1-40/2	sp|P33470|SPIKE_CVPMI	53.846	26	12	0	79	2	827	852	0.009	34.3
MF996621.1-40/2	sp|Q01977|SPIKE_CVPRT	53.846	26	12	0	79	2	825	850	0.009	34.3
MF996621.1-40/2	sp|P07946|SPIKE_CVPPU	53.846	26	12	0	79	2	825	850	0.009	34.3
MF996621.1-40/2	sp|P18450|SPIKE_CVPFS	53.846	26	12	0	79	2	827	852	0.010	33.9
MF996621.1-40/2	sp|Q91AV1|SPIKE_PEDV7	46.154	26	14	0	79	2	771	796	0.025	32.7
MF996621.1-38/1	sp|Q6Q1S2|SPIKE_CVHNL	100.000	33	0	0	100	2	801	833	9.28e-15	68.2
MF996621.1-38/1	sp|P15423|SPIKE_CVH22	83.871	31	5	0	94	2	622	652	2.71e-09	52.4
MF996621.1-38/1	sp|Q91AV1|SPIKE_PEDV7	69.697	33	10	0	100	2	817	849	1.38e-07	47.8
MF996621.1-38/1	sp|Q0Q466|SPIKE_BC512	69.697	33	10	0	100	2	820	852	1.47e-07	47.8
MF996621.1-38/1	sp|Q01977|SPIKE_CVPRT	61.290	31	12	0	94	2	873	903	8.14e-05	40.0
MF996621.1-38/1	sp|P07946|SPIKE_CVPPU	61.290	31	12	0	94	2	873	903	8.14e-05	40.0
MF996621.1-38/1	sp|P10033|SPIKE_FIPV	61.290	31	12	0	94	2	878	908	8.30e-05	40.0
MF996621.1-38/1	sp|P24413|SPIKE_CVPRM	61.290	31	12	0	94	2	651	681	1.01e-04	39.7
MF996621.1-38/1	sp|P27655|SPIKE_CVPR8	61.290	31	12	0	94	2	651	681	1.01e-04	39.7
MF996621.1-38/1	sp|P33470|SPIKE_CVPMI	61.290	31	12	0	94	2	875	905	1.04e-04	39.7
MF996621.1-38/1	sp|Q65984|SPIKE_CVCAK	58.065	31	13	0	94	2	879	909	1.34e-04	39.3
MF996621.1-38/1	sp|P36300|SPIKE_CVCAI	58.065	31	13	0	94	2	877	907	1.45e-04	39.3
MF996621.1-38/1	sp|P18450|SPIKE_CVPFS	61.290	31	12	0	94	2	875	905	1.50e-04	39.3
MF996621.1-38/1	sp|Q7T6T3|SPIKE_CVCBG	58.065	31	13	0	94	2	879	909	2.60e-04	38.5
MF996621.1-38/1	sp|O07527|YHCY_BACSU	47.619	21	11	0	36	98	67	87	3.9	26.6
MF996621.1-38/2	sp|Q6Q1S2|SPIKE_CVHNL	96.970	33	1	0	1	99	586	618	3.08e-15	69.3
MF996621.1-38/2	sp|P15423|SPIKE_CVH22	53.333	30	14	0	4	93	406	435	3.33e-05	40.8
MF996621.1-38/2	sp|P24413|SPIKE_CVPRM	45.161	31	17	0	7	99	423	453	0.091	31.2
MF996621.1-38/2	sp|P27655|SPIKE_CVPR8	45.161	31	17	0	7	99	423	453	0.18	30.4
MF996621.1-38/2	sp|Q65984|SPIKE_CVCAK	41.935	31	18	0	7	99	651	681	0.19	30.4
MF996621.1-38/2	sp|Q01977|SPIKE_CVPRT	41.935	31	18	0	7	99	645	675	0.19	30.4
MF996621.1-38/2	sp|P07946|SPIKE_CVPPU	41.935	31	18	0	7	99	645	675	0.20	30.4
MF996621.1-38/2	sp|P10033|SPIKE_FIPV	41.935	31	18	0	7	99	650	680	0.20	30.4
MF996621.1-38/2	sp|P33470|SPIKE_CVPMI	41.935	31	18	0	7	99	647	677	0.25	30.0
MF996621.1-38/2	sp|P18450|SPIKE_CVPFS	44.444	27	15	0	19	99	651	677	0.43	29.3
MF996621.1-38/2	sp|P36300|SPIKE_CVCAI	38.710	31	19	0	7	99	650	680	0.54	29.3
MF996621.1-38/2	sp|Q7T6T3|SPIKE_CVCBG	46.154	26	14	0	22	99	656	681	0.61	28.9
MF996621.1-38/2	sp|Q9FKZ1|DRL42_ARATH	64.286	14	5	0	40	81	382	395	3.2	26.9
MF996621.1-38/2	sp|Q0Q466|SPIKE_BC512	37.037	27	17	0	19	99	613	639	6.8	26.2
MF996621.1-38/2	sp|A2BHJ4|CNO6L_DANRE	33.333	27	18	0	1	81	492	518	8.9	25.8
MF996621.1-36/1	sp|Q6Q1S2|SPIKE_CVHNL	100.000	33	0	0	99	1	1278	1310	1.13e-17	76.3
MF996621.1-36/1	sp|P15423|SPIKE_CVH22	77.419	31	7	0	99	7	1097	1127	2.96e-11	58.2
MF996621.1-36/1	sp|Q91AV1|SPIKE_PEDV7	73.913	23	6	0	99	31	1306	1328	1.03e-07	48.1
MF996621.1-36/1	sp|Q0Q466|SPIKE_BC512	51.515	33	16	0	99	1	1294	1326	1.29e-07	47.8
MF996621.1-36/1	sp|P10033|SPIKE_FIPV	58.065	31	13	0	99	7	1375	1405	1.53e-07	47.8
MF996621.1-36/1	sp|Q7T6T3|SPIKE_CVCBG	54.839	31	14	0	99	7	1376	1406	1.95e-07	47.4
MF996621.1-36/1	sp|P27655|SPIKE_CVPR8	54.839	31	14	0	99	7	1148	1178	2.17e-07	47.0
MF996621.1-36/1	sp|Q65984|SPIKE_CVCAK	54.839	31	14	0	99	7	1376	1406	2.28e-07	47.0
MF996621.1-36/1	sp|P36300|SPIKE_CVCAI	54.839	31	14	0	99	7	1374	1404	2.44e-07	47.0
MF996621.1-36/1	sp|Q8JSP8|SPIKE_CVPIA	46.875	32	17	0	96	1	1276	1307	2.81e-06	43.9
MF996621.1-36/1	sp|Q9IKD1|SPIKE_CVRSD	43.750	32	18	0	96	1	1284	1315	4.54e-06	43.5
MF996621.1-36/1	sp|P59594|SPIKE_CVHSA	43.243	37	16	1	96	1	1178	1214	5.86e-06	43.1
MF996621.1-36/1	sp|Q3LZX1|SPIKE_BCHK3	43.243	37	16	1	96	1	1165	1201	5.86e-06	43.1
MF996621.1-36/1	sp|Q3I5J5|SPIKE_BCRP3	43.243	37	16	1	96	1	1164	1200	5.86e-06	43.1
MF996621.1-36/1	sp|Q0Q475|SPIKE_BC279	43.243	37	16	1	96	1	1164	1200	5.86e-06	43.1
MF996621.1-36/1	sp|P11224|SPIKE_CVMA5	43.750	32	18	0	96	1	1248	1279	6.34e-06	43.1
MF996621.1-36/1	sp|P25192|SPIKE_CVBLY	43.750	32	18	0	96	1	1290	1321	7.20e-06	42.7
MF996621.1-36/1	sp|P22432|SPIKE_CVM4	43.750	32	18	0	96	1	1300	1331	7.34e-06	42.7
MF996621.1-36/1	sp|Q02385|SPIKE_CVMJC	43.750	32	18	0	96	1	1300	1331	7.49e-06	42.7
MF996621.1-36/1	sp|P36334|SPIKE_CVHOC	43.750	32	18	0	96	1	1280	1311	8.26e-06	42.7
MF996621.1-36/1	sp|Q8BB25|SPIKE_CVP67	43.750	32	18	0	96	1	1276	1307	8.34e-06	42.7
MF996621.1-36/1	sp|A3EXG6|SPIKE_BCHK9	52.941	34	14	1	96	1	1195	1228	1.02e-05	42.4
MF996621.1-36/1	sp|Q8V436|SPIKE_CVBLU	43.750	32	18	0	96	1	1290	1321	1.17e-05	42.4
MF996621.1-36/1	sp|Q9QAR5|SPIKE_CVBLS	43.750	32	18	0	96	1	1290	1321	1.17e-05	42.4
MF996621.1-36/1	sp|P11225|SPIKE_CVMJH	43.750	32	18	0	96	1	1159	1190	1.18e-05	42.4
MF996621.1-36/1	sp|P25193|SPIKE_CVBQ	43.750	32	18	0	96	1	1290	1321	1.20e-05	42.4
MF996621.1-36/1	sp|Q9QAQ8|SPIKE_CVBOK	43.750	32	18	0	96	1	1290	1321	1.20e-05	42.4
MF996621.1-36/1	sp|P15777|SPIKE_CVBM	43.750	32	18	0	96	1	1290	1321	1.20e-05	42.4
MF996621.1-36/1	sp|P25190|SPIKE_CVBF	43.750	32	18	0	96	1	1290	1321	1.20e-05	42.4
MF996621.1-36/1	sp|P25191|SPIKE_CVBL9	43.750	32	18	0	96	1	1290	1321	1.25e-05	42.4
MF996621.1-36/1	sp|Q91A26|SPIKE_CVBEN	43.750	32	18	0	96	1	1290	1321	1.25e-05	42.4
MF996621.1-36/1	sp|P25194|SPIKE_CVBV	43.750	32	18	0	96	1	1290	1321	1.31e-05	42.0
MF996621.1-36/1	sp|Q5MQD0|SPIKE_CVHN1	46.875	32	17	0	99	4	1282	1313	2.29e-05	41.6
MF996621.1-36/1	sp|P12650|SPIKE_IBVK	40.000	35	18	1	96	1	1076	1110	4.89e-05	40.4
MF996621.1-36/1	sp|P12722|SPIKE_IBVD2	40.000	35	18	1	96	1	1077	1111	5.19e-05	40.4
MF996621.1-36/1	sp|P05135|SPIKE_IBV6	40.625	32	19	0	96	1	1077	1108	5.29e-05	40.4
MF996621.1-36/1	sp|P33470|SPIKE_CVPMI	54.839	31	14	0	99	7	1372	1402	6.06e-05	40.4
MF996621.1-36/1	sp|P18450|SPIKE_CVPFS	54.839	31	14	0	99	7	1372	1402	6.18e-05	40.0
MF996621.1-36/1	sp|P07946|SPIKE_CVPPU	54.839	31	14	0	99	7	1370	1400	6.31e-05	40.0
MF996621.1-36/1	sp|Q01977|SPIKE_CVPRT	54.839	31	14	0	99	7	1370	1400	6.37e-05	40.0
MF996621.1-36/1	sp|P24413|SPIKE_CVPRM	54.839	31	14	0	99	7	1148	1178	6.57e-05	40.0
MF996621.1-36/1	sp|P12651|SPIKE_IBVM	40.000	35	18	1	96	1	1076	1110	6.90e-05	40.0
MF996621.1-36/1	sp|P11223|SPIKE_IBVB	40.000	35	18	1	96	1	1076	1110	6.90e-05	40.0
MF996621.1-36/1	sp|Q0ZME7|SPIKE_CVHN5	40.625	32	19	0	99	4	1277	1308	7.76e-05	40.0
MF996621.1-36/1	sp|Q14EB0|SPIKE_CVHN2	40.625	32	19	0	99	4	1277	1308	8.07e-05	40.0
MF996621.1-36/1	sp|A3EX94|SPIKE_BCHK4	56.522	23	10	0	96	28	1280	1302	1.99e-04	38.9
MF996621.1-36/1	sp|K9N5Q8|SPIKE_CVEMC	52.174	23	11	0	96	28	1279	1301	3.04e-04	38.1
MF996621.1-36/1	sp|Q0Q4F2|SPIKE_BC133	52.174	23	11	0	96	28	1278	1300	3.04e-04	38.1
MF996621.1-36/1	sp|A3EXD0|SPIKE_BCHK5	52.174	23	11	0	96	28	1280	1302	3.59e-04	38.1
MF996621.1-36/1	sp|Q5VJL3|GDT9_DICDI	56.250	16	7	0	99	52	24	39	8.3	25.8
MF996621.1-36/1	sp|Q8BGW2|WBP1L_MOUSE	42.105	19	11	0	60	4	37	55	9.9	25.8
MF996621.1-36/2	sp|Q6Q1S2|SPIKE_CVHNL	93.750	32	2	0	3	98	1034	1065	2.22e-14	67.0
MF996621.1-36/2	sp|P15423|SPIKE_CVH22	84.375	32	5	0	3	98	853	884	2.73e-12	60.8
MF996621.1-36/2	sp|Q91AV1|SPIKE_PEDV7	71.875	32	9	0	3	98	1055	1086	1.32e-08	50.4
MF996621.1-36/2	sp|Q0Q466|SPIKE_BC512	75.000	32	8	0	3	98	1049	1080	1.47e-08	50.4
MF996621.1-36/2	sp|P33470|SPIKE_CVPMI	68.750	32	10	0	3	98	1123	1154	3.38e-08	49.3
MF996621.1-36/2	sp|Q01977|SPIKE_CVPRT	68.750	32	10	0	3	98	1121	1152	3.38e-08	49.3
MF996621.1-36/2	sp|P07946|SPIKE_CVPPU	68.750	32	10	0	3	98	1121	1152	3.84e-08	49.3
MF996621.1-36/2	sp|Q7T6T3|SPIKE_CVCBG	68.750	32	10	0	3	98	1127	1158	4.90e-08	48.9
MF996621.1-36/2	sp|P10033|SPIKE_FIPV	68.750	32	10	0	3	98	1126	1157	4.95e-08	48.9
MF996621.1-36/2	sp|P36300|SPIKE_CVCAI	68.750	32	10	0	3	98	1125	1156	5.00e-08	48.9
MF996621.1-36/2	sp|P24413|SPIKE_CVPRM	68.750	32	10	0	3	98	899	930	5.26e-08	48.9
MF996621.1-36/2	sp|P27655|SPIKE_CVPR8	68.750	32	10	0	3	98	899	930	5.26e-08	48.9
MF996621.1-36/2	sp|Q65984|SPIKE_CVCAK	68.750	32	10	0	3	98	1127	1158	6.38e-08	48.5
MF996621.1-36/2	sp|P18450|SPIKE_CVPFS	65.625	32	11	0	3	98	1123	1154	1.99e-07	47.4
MF996621.1-36/2	sp|P05135|SPIKE_IBV6	64.516	31	11	0	6	98	843	873	1.08e-06	45.1
MF996621.1-36/2	sp|P12722|SPIKE_IBVD2	64.516	31	11	0	6	98	843	873	1.08e-06	45.1
MF996621.1-36/2	sp|P12651|SPIKE_IBVM	64.516	31	11	0	6	98	842	872	1.86e-06	44.3
MF996621.1-36/2	sp|P12650|SPIKE_IBVK	64.516	31	11	0	6	98	842	872	5.75e-06	43.1
MF996621.1-36/2	sp|P11223|SPIKE_IBVB	61.290	31	12	0	6	98	842	872	6.04e-06	43.1
MF996621.1-36/2	sp|P25190|SPIKE_CVBF	50.000	32	16	0	3	98	1062	1093	2.22e-04	38.5
MF996621.1-36/2	sp|P59594|SPIKE_CVHSA	54.839	31	14	0	6	98	951	981	2.26e-04	38.5
MF996621.1-36/2	sp|A3EX94|SPIKE_BCHK4	53.125	32	15	0	3	98	1041	1072	2.75e-04	38.5
MF996621.1-36/2	sp|Q0Q4F2|SPIKE_BC133	53.125	32	15	0	3	98	1039	1070	2.75e-04	38.5
MF996621.1-36/2	sp|Q3LZX1|SPIKE_BCHK3	54.839	31	14	0	6	98	938	968	3.10e-04	38.1
MF996621.1-36/2	sp|Q0Q475|SPIKE_BC279	54.839	31	14	0	6	98	937	967	3.19e-04	38.1
MF996621.1-36/2	sp|Q3I5J5|SPIKE_BCRP3	54.839	31	14	0	6	98	937	967	3.29e-04	38.1
MF996621.1-36/2	sp|P25194|SPIKE_CVBV	50.000	32	16	0	3	98	1062	1093	4.08e-04	37.7
MF996621.1-36/2	sp|P25193|SPIKE_CVBQ	50.000	32	16	0	3	98	1062	1093	4.08e-04	37.7
MF996621.1-36/2	sp|Q9QAQ8|SPIKE_CVBOK	50.000	32	16	0	3	98	1062	1093	4.08e-04	37.7
MF996621.1-36/2	sp|P15777|SPIKE_CVBM	50.000	32	16	0	3	98	1062	1093	4.08e-04	37.7
MF996621.1-36/2	sp|P25192|SPIKE_CVBLY	50.000	32	16	0	3	98	1062	1093	4.08e-04	37.7
MF996621.1-36/2	sp|Q8V436|SPIKE_CVBLU	50.000	32	16	0	3	98	1062	1093	4.08e-04	37.7
MF996621.1-36/2	sp|Q9QAR5|SPIKE_CVBLS	50.000	32	16	0	3	98	1062	1093	4.08e-04	37.7
MF996621.1-36/2	sp|P25191|SPIKE_CVBL9	50.000	32	16	0	3	98	1062	1093	4.08e-04	37.7
MF996621.1-36/2	sp|Q91A26|SPIKE_CVBEN	50.000	32	16	0	3	98	1062	1093	4.08e-04	37.7
MF996621.1-36/2	sp|P36334|SPIKE_CVHOC	50.000	32	16	0	3	98	1052	1083	4.50e-04	37.7
MF996621.1-36/2	sp|Q5MQD0|SPIKE_CVHN1	50.000	32	16	0	3	98	1053	1084	6.05e-04	37.4
MF996621.1-36/2	sp|Q0ZME7|SPIKE_CVHN5	50.000	32	16	0	3	98	1049	1080	7.22e-04	37.0
MF996621.1-36/2	sp|Q14EB0|SPIKE_CVHN2	50.000	32	16	0	3	98	1049	1080	7.22e-04	37.0
MF996621.1-36/2	sp|Q9IKD1|SPIKE_CVRSD	53.333	30	14	0	9	98	1056	1085	8.88e-04	37.0
MF996621.1-36/2	sp|P22432|SPIKE_CVM4	53.333	30	14	0	9	98	1072	1101	0.001	37.0
MF996621.1-36/2	sp|P11225|SPIKE_CVMJH	53.333	30	14	0	9	98	931	960	0.001	37.0
MF996621.1-36/2	sp|Q8JSP8|SPIKE_CVPIA	50.000	32	16	0	3	98	1048	1079	0.001	37.0
MF996621.1-36/2	sp|Q8BB25|SPIKE_CVP67	50.000	32	16	0	3	98	1048	1079	0.001	37.0
MF996621.1-36/2	sp|A3EXD0|SPIKE_BCHK5	50.000	32	16	0	3	98	1039	1070	0.001	36.6
MF996621.1-36/2	sp|Q02385|SPIKE_CVMJC	53.333	30	14	0	9	98	1072	1101	0.002	36.2
MF996621.1-36/2	sp|K9N5Q8|SPIKE_CVEMC	53.125	32	15	0	3	98	1042	1073	0.003	35.4
MF996621.1-36/2	sp|A3EXG6|SPIKE_BCHK9	50.000	32	16	0	3	98	965	996	0.003	35.4
MF996621.1-36/2	sp|P11224|SPIKE_CVMA5	50.000	30	15	0	9	98	1020	1049	0.004	35.0
MF996621.1-34/1	sp|Q6Q1S2|SPIKE_CVHNL	100.000	33	0	0	99	1	643	675	1.54e-13	64.7
MF996621.1-34/1	sp|P15423|SPIKE_CVH22	60.000	30	12	0	96	7	463	492	1.03e-04	39.7
MF996621.1-34/1	sp|Q01977|SPIKE_CVPRT	56.250	32	14	0	96	1	701	732	0.002	36.2
MF996621.1-34/1	sp|P07946|SPIKE_CVPPU	56.250	32	14	0	96	1	701	732	0.002	36.2
MF996621.1-34/1	sp|P33470|SPIKE_CVPMI	56.250	32	14	0	96	1	703	734	0.002	36.2
MF996621.1-34/1	sp|P18450|SPIKE_CVPFS	56.250	32	14	0	96	1	703	734	0.002	36.2
MF996621.1-34/1	sp|P27655|SPIKE_CVPR8	56.250	32	14	0	96	1	479	510	0.002	36.2
MF996621.1-34/1	sp|Q65984|SPIKE_CVCAK	56.250	32	14	0	96	1	707	738	0.004	35.4
MF996621.1-34/1	sp|P10033|SPIKE_FIPV	56.250	32	14	0	96	1	706	737	0.004	35.0
MF996621.1-34/1	sp|Q7T6T3|SPIKE_CVCBG	53.125	32	15	0	96	1	707	738	0.006	34.7
MF996621.1-34/1	sp|P36300|SPIKE_CVCAI	53.125	32	15	0	96	1	706	737	0.006	34.7
MF996621.1-34/1	sp|P24413|SPIKE_CVPRM	50.000	32	16	0	96	1	479	510	0.027	32.7
MF996621.1-34/1	sp|Q21222|AFG2H_CAEEL	42.857	28	16	0	84	1	296	323	1.4	28.1
MF996621.1-34/1	sp|Q9SMZ4|AASS_ARATH	70.588	17	4	1	8	58	233	248	3.8	26.9
MF996621.1-34/2	sp|Q6Q1S2|SPIKE_CVHNL	93.939	33	2	0	1	99	414	446	1.46e-12	62.0
MF996621.1-34/2	sp|P15423|SPIKE_CVH22	51.515	33	16	0	1	99	231	263	0.005	35.0
MF996621.1-34/2	sp|Q91AV1|SPIKE_PEDV7	45.455	33	18	0	1	99	437	469	0.008	34.3
MF996621.1-34/2	sp|Q0Q466|SPIKE_BC512	57.143	28	12	0	1	84	436	463	0.018	33.1
MF996621.1-32/1	sp|Q6Q1S2|SPIKE_CVHNL	100.000	31	0	0	8	100	535	565	2.77e-15	69.7
MF996621.1-32/1	sp|P24413|SPIKE_CVPRM	65.000	20	7	0	38	97	381	400	0.008	34.3
MF996621.1-32/1	sp|P15423|SPIKE_CVH22	56.522	23	10	0	26	94	360	382	0.008	34.3
MF996621.1-32/1	sp|P10033|SPIKE_FIPV	65.000	20	7	0	38	97	608	627	0.008	34.3
MF996621.1-32/1	sp|P27655|SPIKE_CVPR8	65.000	20	7	0	38	97	381	400	0.008	34.3
MF996621.1-32/1	sp|Q65984|SPIKE_CVCAK	65.000	20	7	0	38	97	609	628	0.009	34.3
MF996621.1-32/1	sp|P36300|SPIKE_CVCAI	65.000	20	7	0	38	97	608	627	0.009	34.3
MF996621.1-32/1	sp|Q7T6T3|SPIKE_CVCBG	65.000	20	7	0	38	97	609	628	0.009	34.3
MF996621.1-32/1	sp|P33470|SPIKE_CVPMI	65.000	20	7	0	38	97	605	624	0.009	34.3
MF996621.1-32/1	sp|P18450|SPIKE_CVPFS	65.000	20	7	0	38	97	605	624	0.009	34.3
MF996621.1-32/1	sp|Q01977|SPIKE_CVPRT	65.000	20	7	0	38	97	603	622	0.009	34.3
MF996621.1-32/1	sp|P07946|SPIKE_CVPPU	65.000	20	7	0	38	97	603	622	0.009	34.3
MF996621.1-32/1	sp|Q9QZ82|CP11A_MOUSE	36.364	33	17	1	8	94	50	82	0.62	28.9
MF996621.1-32/1	sp|B1I4J1|HEM1_DESAP	84.615	13	2	0	84	46	415	427	3.2	26.9
MF996621.1-32/2	sp|Q6Q1S2|SPIKE_CVHNL	96.970	33	1	0	99	1	766	798	1.41e-15	70.5
MF996621.1-32/2	sp|P15423|SPIKE_CVH22	93.750	32	2	0	99	4	585	616	3.47e-14	66.2
MF996621.1-32/2	sp|P10033|SPIKE_FIPV	66.667	33	11	0	99	1	841	873	4.78e-10	54.7
MF996621.1-32/2	sp|P36300|SPIKE_CVCAI	66.667	33	11	0	99	1	840	872	5.65e-10	54.3
MF996621.1-32/2	sp|P27655|SPIKE_CVPR8	63.636	33	12	0	99	1	614	646	1.64e-09	53.1
MF996621.1-32/2	sp|P24413|SPIKE_CVPRM	63.636	33	12	0	99	1	614	646	1.66e-09	53.1
MF996621.1-32/2	sp|Q65984|SPIKE_CVCAK	63.636	33	12	0	99	1	842	874	1.74e-09	53.1
MF996621.1-32/2	sp|P33470|SPIKE_CVPMI	63.636	33	12	0	99	1	838	870	2.24e-09	52.8
MF996621.1-32/2	sp|Q01977|SPIKE_CVPRT	63.636	33	12	0	99	1	836	868	2.27e-09	52.8
MF996621.1-32/2	sp|P18450|SPIKE_CVPFS	63.636	33	12	0	99	1	838	870	2.31e-09	52.8
MF996621.1-32/2	sp|P07946|SPIKE_CVPPU	63.636	33	12	0	99	1	836	868	2.36e-09	52.8
MF996621.1-32/2	sp|Q91AV1|SPIKE_PEDV7	62.500	32	12	0	99	4	782	813	1.00e-08	50.8
MF996621.1-32/2	sp|Q7T6T3|SPIKE_CVCBG	62.500	32	12	0	99	4	842	873	1.67e-08	50.4
MF996621.1-32/2	sp|Q0Q466|SPIKE_BC512	59.375	32	13	0	99	4	785	816	1.32e-07	47.8
MF996621.1-32/2	sp|K9N5Q8|SPIKE_CVEMC	48.387	31	16	0	99	7	783	813	0.001	36.6
MF996621.1-32/2	sp|A3EXD0|SPIKE_BCHK5	48.387	31	16	0	99	7	780	810	0.002	36.2
MF996621.1-32/2	sp|A3EX94|SPIKE_BCHK4	45.161	31	17	0	99	7	782	812	0.003	35.4
MF996621.1-32/2	sp|A3EXG6|SPIKE_BCHK9	48.276	29	15	0	99	13	703	731	0.005	35.0
MF996621.1-32/2	sp|Q0Q4F2|SPIKE_BC133	41.935	31	18	0	99	7	782	812	0.006	34.7
MF996621.1-32/2	sp|P11225|SPIKE_CVMJH	37.500	32	20	0	99	4	663	694	0.017	33.5
MF996621.1-32/2	sp|P22432|SPIKE_CVM4	37.500	32	20	0	99	4	804	835	0.018	33.1
MF996621.1-32/2	sp|Q02385|SPIKE_CVMJC	37.500	32	20	0	99	4	804	835	0.018	33.1
MF996621.1-32/2	sp|P11224|SPIKE_CVMA5	37.500	32	20	0	99	4	752	783	0.044	32.3
MF996621.1-32/2	sp|P36334|SPIKE_CVHOC	41.379	29	17	0	99	13	793	821	0.067	31.6
MF996621.1-32/2	sp|Q9IKD1|SPIKE_CVRSD	37.931	29	18	0	99	13	791	819	0.095	31.2
MF996621.1-32/2	sp|Q0ZME7|SPIKE_CVHN5	34.483	29	19	0	99	13	791	819	0.24	30.0
MF996621.1-32/2	sp|Q8JSP8|SPIKE_CVPIA	41.379	29	17	0	99	13	789	817	0.24	30.0
MF996621.1-32/2	sp|P25192|SPIKE_CVBLY	37.931	29	18	0	99	13	803	831	0.25	30.0
MF996621.1-32/2	sp|Q14EB0|SPIKE_CVHN2	34.483	29	19	0	99	13	791	819	0.25	30.0
MF996621.1-32/2	sp|Q5MQD0|SPIKE_CVHN1	37.931	29	18	0	99	13	795	823	0.39	29.6
MF996621.1-32/2	sp|Q8BB25|SPIKE_CVP67	41.379	29	17	0	99	13	789	817	0.39	29.6
MF996621.1-32/2	sp|P25193|SPIKE_CVBQ	34.483	29	19	0	99	13	803	831	1.4	28.1
MF996621.1-32/2	sp|Q9QAQ8|SPIKE_CVBOK	34.483	29	19	0	99	13	803	831	1.4	28.1
MF996621.1-32/2	sp|Q8V436|SPIKE_CVBLU	34.483	29	19	0	99	13	803	831	1.4	28.1
MF996621.1-32/2	sp|P15777|SPIKE_CVBM	34.483	29	19	0	99	13	803	831	1.4	28.1
MF996621.1-32/2	sp|Q9QAR5|SPIKE_CVBLS	34.483	29	19	0	99	13	803	831	1.4	28.1
MF996621.1-32/2	sp|P25191|SPIKE_CVBL9	34.483	29	19	0	99	13	803	831	1.4	28.1
MF996621.1-32/2	sp|P25190|SPIKE_CVBF	34.483	29	19	0	99	13	803	831	1.4	28.1
MF996621.1-32/2	sp|Q91A26|SPIKE_CVBEN	34.483	29	19	0	99	13	803	831	1.4	28.1
MF996621.1-32/2	sp|P25194|SPIKE_CVBV	34.483	29	19	0	99	13	803	831	1.5	27.7
MF996621.1-32/2	sp|Q3LZX1|SPIKE_BCHK3	34.483	29	19	0	99	13	684	712	3.0	26.9
MF996621.1-32/2	sp|Q3I5J5|SPIKE_BCRP3	34.483	29	19	0	99	13	683	711	5.9	26.2
MF996621.1-32/2	sp|Q0Q475|SPIKE_BC279	34.483	29	19	0	99	13	683	711	9.6	25.8
MF996621.1-30/1	sp|Q6Q1S2|SPIKE_CVHNL	96.875	32	1	0	3	98	229	260	1.82e-14	67.0
MF996621.1-30/1	sp|P15423|SPIKE_CVH22	70.968	31	9	0	6	98	52	82	2.86e-08	49.7
MF996621.1-30/1	sp|Q0Q466|SPIKE_BC512	64.516	31	11	0	6	98	252	282	1.62e-07	47.4
MF996621.1-30/1	sp|P24413|SPIKE_CVPRM	67.742	31	10	0	6	98	51	81	5.81e-06	43.1
MF996621.1-30/1	sp|P10033|SPIKE_FIPV	65.625	32	11	0	3	98	277	308	5.97e-06	43.1
MF996621.1-30/1	sp|P18450|SPIKE_CVPFS	67.742	31	10	0	6	98	275	305	9.57e-06	42.4
MF996621.1-30/1	sp|P33470|SPIKE_CVPMI	67.742	31	10	0	6	98	275	305	1.00e-05	42.4
MF996621.1-30/1	sp|P07946|SPIKE_CVPPU	67.742	31	10	0	6	98	275	305	1.00e-05	42.4
MF996621.1-30/1	sp|Q01977|SPIKE_CVPRT	67.742	31	10	0	6	98	275	305	1.01e-05	42.4
MF996621.1-30/1	sp|P36300|SPIKE_CVCAI	62.500	32	12	0	3	98	278	309	1.14e-05	42.4
MF996621.1-30/1	sp|Q7T6T3|SPIKE_CVCBG	62.500	32	12	0	3	98	278	309	1.22e-05	42.0
MF996621.1-30/1	sp|P27655|SPIKE_CVPR8	64.516	31	11	0	6	98	51	81	1.47e-05	42.0
MF996621.1-30/1	sp|Q91AV1|SPIKE_PEDV7	62.500	32	12	0	3	98	250	281	1.90e-05	41.6
MF996621.1-30/1	sp|Q65984|SPIKE_CVCAK	59.375	32	13	0	3	98	278	309	7.30e-05	40.0
MF996621.1-30/1	sp|P56652|ITIH3_BOVIN	50.000	18	9	0	21	74	868	885	4.9	26.6
MF996621.1-30/1	sp|P37276|DYHC_DROME	78.571	14	3	0	70	29	4	17	5.1	26.6
MF996621.1-30/2	sp|Q6Q1S2|SPIKE_CVHNL	93.939	33	2	0	99	1	424	456	1.09e-14	67.8
MF996621.1-30/2	sp|P15423|SPIKE_CVH22	45.455	33	18	0	99	1	241	273	3.49e-04	38.1
MF996621.1-30/2	sp|Q9IR53|VL2_HPV82	61.111	18	7	0	96	43	151	168	1.5	27.7
MF996621.1-30/2	sp|P26539|VL2_HPV51	64.706	17	6	0	96	46	151	167	3.8	26.9
MF996621.1-30/2	sp|P36754|VL2_HPV26	52.632	19	9	0	96	40	151	169	5.3	26.2
MF996621.1-30/2	sp|Q9JH45|VL2_HPV69	52.632	19	9	0	96	40	151	169	7.7	25.8
MF996621.1-28/1	sp|Q6Q1S2|SPIKE_CVHNL	100.000	32	0	0	3	98	384	415	7.28e-15	68.2
MF996621.1-28/1	sp|P15423|SPIKE_CVH22	75.000	32	8	0	3	98	201	232	3.56e-09	52.0
MF996621.1-28/1	sp|Q7T6T3|SPIKE_CVCBG	43.750	32	18	0	3	98	434	465	0.007	34.3
MF996621.1-28/1	sp|Q65984|SPIKE_CVCAK	43.750	32	18	0	3	98	434	465	0.011	33.9
MF996621.1-28/1	sp|P36300|SPIKE_CVCAI	43.750	32	18	0	3	98	434	465	0.015	33.5
MF996621.1-28/1	sp|Q01977|SPIKE_CVPRT	43.750	32	18	0	3	98	428	459	0.016	33.5
MF996621.1-28/1	sp|P33470|SPIKE_CVPMI	43.750	32	18	0	3	98	430	461	0.016	33.5
MF996621.1-28/1	sp|P07946|SPIKE_CVPPU	43.750	32	18	0	3	98	428	459	0.016	33.5
MF996621.1-28/1	sp|P24413|SPIKE_CVPRM	43.750	32	18	0	3	98	206	237	0.017	33.5
MF996621.1-28/1	sp|P27655|SPIKE_CVPR8	43.750	32	18	0	3	98	206	237	0.017	33.5
MF996621.1-28/1	sp|P18450|SPIKE_CVPFS	43.750	32	18	0	3	98	430	461	0.017	33.1
MF996621.1-28/1	sp|P10033|SPIKE_FIPV	43.750	32	18	0	3	98	433	464	0.063	31.6
MF996621.1-28/1	sp|Q254Z2|GSA_CHLFF	68.750	16	5	0	92	45	36	51	1.00	28.5
MF996621.1-28/1	sp|Q5L5P0|GSA_CHLAB	61.905	21	8	0	92	30	36	56	2.8	26.9
MF996621.1-28/2	sp|Q6Q1S2|SPIKE_CVHNL	100.000	33	0	0	100	2	560	592	4.89e-17	74.7
MF996621.1-28/2	sp|P15423|SPIKE_CVH22	45.161	31	17	0	100	8	379	409	6.44e-05	40.0
MF996621.1-26/1	sp|Q6Q1S2|SPIKE_CVHNL	93.750	32	2	0	98	3	762	793	4.56e-13	63.2
MF996621.1-26/1	sp|P15423|SPIKE_CVH22	90.625	32	3	0	98	3	581	612	1.25e-12	62.0
MF996621.1-26/1	sp|P10033|SPIKE_FIPV	56.250	32	14	0	98	3	837	868	6.90e-07	45.8
MF996621.1-26/1	sp|P36300|SPIKE_CVCAI	56.250	32	14	0	98	3	836	867	9.54e-07	45.4
MF996621.1-26/1	sp|Q91AV1|SPIKE_PEDV7	53.125	32	15	0	98	3	778	809	2.75e-06	43.9
MF996621.1-26/1	sp|P27655|SPIKE_CVPR8	53.125	32	15	0	98	3	610	641	2.75e-06	43.9
MF996621.1-26/1	sp|P24413|SPIKE_CVPRM	53.125	32	15	0	98	3	610	641	2.78e-06	43.9
MF996621.1-26/1	sp|Q7T6T3|SPIKE_CVCBG	53.125	32	15	0	98	3	838	869	2.83e-06	43.9
MF996621.1-26/1	sp|Q65984|SPIKE_CVCAK	53.125	32	15	0	98	3	838	869	2.92e-06	43.9
MF996621.1-26/1	sp|P33470|SPIKE_CVPMI	53.125	32	15	0	98	3	834	865	3.35e-06	43.9
MF996621.1-26/1	sp|Q01977|SPIKE_CVPRT	53.125	32	15	0	98	3	832	863	3.38e-06	43.9
MF996621.1-26/1	sp|P07946|SPIKE_CVPPU	53.125	32	15	0	98	3	832	863	3.45e-06	43.5
MF996621.1-26/1	sp|P18450|SPIKE_CVPFS	53.125	32	15	0	98	3	834	865	3.59e-06	43.5
MF996621.1-26/1	sp|Q0Q466|SPIKE_BC512	53.125	32	15	0	98	3	781	812	7.56e-06	42.7
MF996621.1-26/1	sp|K9N5Q8|SPIKE_CVEMC	46.875	32	17	0	98	3	779	810	0.009	33.9
MF996621.1-26/1	sp|P36334|SPIKE_CVHOC	41.935	31	18	0	95	3	790	820	0.020	33.1
MF996621.1-26/1	sp|P25192|SPIKE_CVBLY	38.710	31	19	0	95	3	800	830	0.076	31.6
MF996621.1-26/1	sp|Q8V436|SPIKE_CVBLU	35.484	31	20	0	95	3	800	830	0.37	29.6
MF996621.1-26/1	sp|P15777|SPIKE_CVBM	35.484	31	20	0	95	3	800	830	0.38	29.6
MF996621.1-26/1	sp|P25193|SPIKE_CVBQ	35.484	31	20	0	95	3	800	830	0.38	29.6
MF996621.1-26/1	sp|Q9QAR5|SPIKE_CVBLS	35.484	31	20	0	95	3	800	830	0.38	29.6
MF996621.1-26/1	sp|P25191|SPIKE_CVBL9	35.484	31	20	0	95	3	800	830	0.38	29.6
MF996621.1-26/1	sp|P25190|SPIKE_CVBF	35.484	31	20	0	95	3	800	830	0.38	29.6
MF996621.1-26/1	sp|Q91A26|SPIKE_CVBEN	35.484	31	20	0	95	3	800	830	0.38	29.6
MF996621.1-26/1	sp|Q9QAQ8|SPIKE_CVBOK	35.484	31	20	0	95	3	800	830	0.39	29.6
MF996621.1-26/1	sp|P25194|SPIKE_CVBV	35.484	31	20	0	95	3	800	830	0.39	29.6
MF996621.1-26/1	sp|Q8JSP8|SPIKE_CVPIA	35.484	31	20	0	95	3	786	816	1.2	28.1
MF996621.1-26/1	sp|Q8BB25|SPIKE_CVP67	35.484	31	20	0	95	3	786	816	1.9	27.7
MF996621.1-26/2	sp|Q6Q1S2|SPIKE_CVHNL	100.000	33	0	0	1	99	556	588	3.28e-17	75.1
MF996621.1-26/2	sp|P15423|SPIKE_CVH22	48.485	33	17	0	1	99	375	407	1.92e-06	44.7
MF996621.1-26/2	sp|Q0Q466|SPIKE_BC512	43.478	23	13	0	4	72	577	599	8.0	25.8
MF996621.1-26/2	sp|Q4QG35|PURA_LEIMA	50.000	18	9	0	10	63	453	470	8.7	25.8
MF996621.1-26/2	sp|A4HVP7|PURA_LEIIN	50.000	18	9	0	10	63	453	470	8.7	25.8
MF996621.1-26/2	sp|A7LBL2|PURA_LEIDO	50.000	18	9	0	10	63	453	470	8.7	25.8
MF996621.1-24/1	sp|Q6Q1S2|SPIKE_CVHNL	100.000	32	0	0	3	98	985	1016	2.52e-13	63.9
MF996621.1-24/1	sp|P15423|SPIKE_CVH22	68.750	32	10	0	3	98	804	835	2.45e-07	47.0
MF996621.1-24/2	sp|Q6Q1S2|SPIKE_CVHNL	96.875	32	1	0	98	3	1201	1232	2.37e-14	67.0
MF996621.1-24/2	sp|P15423|SPIKE_CVH22	61.290	31	12	0	98	6	1020	1050	2.42e-07	47.0
MF996621.1-24/2	sp|Q0Q466|SPIKE_BC512	53.333	30	14	0	98	9	1217	1246	0.003	35.4
MF996621.1-24/2	sp|Q91AV1|SPIKE_PEDV7	50.000	30	15	0	98	9	1229	1258	0.014	33.5
MF996621.1-24/2	sp|Q7T6T3|SPIKE_CVCBG	39.286	28	17	0	98	15	1298	1325	0.051	32.0
MF996621.1-24/2	sp|P10033|SPIKE_FIPV	37.037	27	17	0	98	18	1297	1323	0.071	31.6
MF996621.1-24/2	sp|P36300|SPIKE_CVCAI	39.286	28	17	0	98	15	1296	1323	0.087	31.2
MF996621.1-24/2	sp|Q65984|SPIKE_CVCAK	35.714	28	18	0	98	15	1298	1325	0.16	30.4
MF996621.1-24/2	sp|P18450|SPIKE_CVPFS	35.714	28	18	0	98	15	1294	1321	0.45	29.3
MF996621.1-24/2	sp|P27655|SPIKE_CVPR8	35.714	28	18	0	98	15	1070	1097	0.54	29.3
MF996621.1-24/2	sp|P24413|SPIKE_CVPRM	35.714	28	18	0	98	15	1070	1097	0.55	28.9
MF996621.1-24/2	sp|P33470|SPIKE_CVPMI	35.714	28	18	0	98	15	1294	1321	0.57	28.9
MF996621.1-24/2	sp|Q01977|SPIKE_CVPRT	35.714	28	18	0	98	15	1292	1319	0.57	28.9
MF996621.1-24/2	sp|P07946|SPIKE_CVPPU	35.714	28	18	0	98	15	1292	1319	0.57	28.9
MF996621.1-24/2	sp|Q0VS01|MURC_ALCBS	35.484	31	20	0	98	6	191	221	7.3	25.8
MF996621.1-22/1	sp|Q6Q1S2|SPIKE_CVHNL	96.970	33	1	0	99	1	795	827	9.29e-16	70.9
MF996621.1-22/1	sp|P15423|SPIKE_CVH22	78.125	32	7	0	99	4	614	645	1.33e-09	53.5
MF996621.1-22/1	sp|Q0Q466|SPIKE_BC512	75.000	32	8	0	99	4	814	845	2.33e-09	52.8
MF996621.1-22/1	sp|Q91AV1|SPIKE_PEDV7	71.875	32	9	0	99	4	811	842	2.36e-09	52.8
MF996621.1-22/1	sp|P24413|SPIKE_CVPRM	64.516	31	11	0	99	7	643	673	1.39e-07	47.8
MF996621.1-22/1	sp|P27655|SPIKE_CVPR8	64.516	31	11	0	99	7	643	673	1.44e-07	47.8
MF996621.1-22/1	sp|Q65984|SPIKE_CVCAK	64.516	31	11	0	99	7	871	901	1.48e-07	47.8
MF996621.1-22/1	sp|P36300|SPIKE_CVCAI	64.516	31	11	0	99	7	869	899	1.53e-07	47.8
MF996621.1-22/1	sp|Q01977|SPIKE_CVPRT	64.516	31	11	0	99	7	865	895	1.67e-07	47.4
MF996621.1-22/1	sp|P07946|SPIKE_CVPPU	64.516	31	11	0	99	7	865	895	1.67e-07	47.4
MF996621.1-22/1	sp|P10033|SPIKE_FIPV	64.516	31	11	0	99	7	870	900	1.88e-07	47.4
MF996621.1-22/1	sp|P33470|SPIKE_CVPMI	64.516	31	11	0	99	7	867	897	2.17e-07	47.0
MF996621.1-22/1	sp|P18450|SPIKE_CVPFS	64.516	31	11	0	99	7	867	897	2.89e-07	47.0
MF996621.1-22/1	sp|Q7T6T3|SPIKE_CVCBG	61.290	31	12	0	99	7	871	901	5.58e-06	43.1
MF996621.1-22/1	sp|Q8IZJ3|CPMD8_HUMAN	46.667	30	16	0	96	7	1720	1749	4.2	26.6
MF996621.1-22/1	sp|O07527|YHCY_BACSU	46.154	26	14	0	17	94	67	92	4.6	26.6
MF996621.1-22/2	sp|Q6Q1S2|SPIKE_CVHNL	93.750	32	2	0	3	98	564	595	1.05e-14	67.8
MF996621.1-22/2	sp|P15423|SPIKE_CVH22	38.710	31	19	0	6	98	384	414	0.004	35.0
MF996621.1-20/1	sp|Q6Q1S2|SPIKE_CVHNL	93.939	33	2	0	99	1	436	468	1.01e-14	67.8
MF996621.1-20/1	sp|Q0Q466|SPIKE_BC512	51.515	33	14	1	99	1	458	488	2.26e-04	38.5
MF996621.1-20/1	sp|Q91AV1|SPIKE_PEDV7	58.333	24	10	0	99	28	459	482	0.001	37.0
MF996621.1-20/1	sp|P15423|SPIKE_CVH22	44.444	27	15	0	99	19	253	279	0.003	35.4
MF996621.1-20/1	sp|Q7T6T3|SPIKE_CVCBG	47.826	23	12	0	96	28	487	509	0.31	29.6
MF996621.1-20/1	sp|Q65984|SPIKE_CVCAK	43.478	23	13	0	96	28	487	509	0.45	29.3
MF996621.1-20/1	sp|P36300|SPIKE_CVCAI	43.478	23	13	0	96	28	487	509	0.45	29.3
MF996621.1-20/1	sp|P24413|SPIKE_CVPRM	43.478	23	13	0	96	28	259	281	1.8	27.7
MF996621.1-20/1	sp|P33470|SPIKE_CVPMI	43.478	23	13	0	96	28	483	505	1.9	27.7
MF996621.1-20/1	sp|P27655|SPIKE_CVPR8	43.478	23	13	0	96	28	259	281	1.9	27.7
MF996621.1-20/1	sp|P18450|SPIKE_CVPFS	43.478	23	13	0	96	28	483	505	1.9	27.7
MF996621.1-20/1	sp|P10033|SPIKE_FIPV	39.130	23	14	0	96	28	486	508	2.6	27.3
MF996621.1-20/1	sp|Q01977|SPIKE_CVPRT	39.130	23	14	0	96	28	481	503	3.1	26.9
MF996621.1-20/1	sp|P07946|SPIKE_CVPPU	39.130	23	14	0	96	28	481	503	3.1	26.9
MF996621.1-20/1	sp|Q2QI47|USH2A_MOUSE	47.059	17	9	0	83	33	3558	3574	4.8	26.6
MF996621.1-20/2	sp|Q6Q1S2|SPIKE_CVHNL	96.875	32	1	0	3	98	220	251	1.31e-14	67.4
MF996621.1-20/2	sp|P15423|SPIKE_CVH22	64.516	31	11	0	3	95	42	72	4.91e-07	46.2
MF996621.1-20/2	sp|Q0Q466|SPIKE_BC512	66.667	30	10	0	9	98	244	273	1.99e-06	44.3
MF996621.1-20/2	sp|P10033|SPIKE_FIPV	79.167	24	5	0	15	86	272	295	3.55e-06	43.5
MF996621.1-20/2	sp|P36300|SPIKE_CVCAI	75.000	24	6	0	15	86	273	296	5.74e-06	43.1
MF996621.1-20/2	sp|Q91AV1|SPIKE_PEDV7	72.000	25	7	0	12	86	244	268	6.66e-06	42.7
MF996621.1-20/2	sp|Q7T6T3|SPIKE_CVCBG	75.000	24	6	0	15	86	273	296	8.26e-06	42.7
MF996621.1-20/2	sp|P18450|SPIKE_CVPFS	74.074	27	7	0	6	86	266	292	8.84e-06	42.4
MF996621.1-20/2	sp|P33470|SPIKE_CVPMI	74.074	27	7	0	6	86	266	292	8.93e-06	42.4
MF996621.1-20/2	sp|Q01977|SPIKE_CVPRT	74.074	27	7	0	6	86	266	292	9.29e-06	42.4
MF996621.1-20/2	sp|P07946|SPIKE_CVPPU	74.074	27	7	0	6	86	266	292	9.29e-06	42.4
MF996621.1-20/2	sp|P24413|SPIKE_CVPRM	79.167	24	5	0	15	86	45	68	1.31e-05	42.0
MF996621.1-20/2	sp|P27655|SPIKE_CVPR8	70.370	27	8	0	6	86	42	68	1.60e-05	42.0
MF996621.1-20/2	sp|Q65984|SPIKE_CVCAK	70.833	24	7	0	15	86	273	296	4.25e-05	40.4
MF996621.1-20/2	sp|P64153|FPG_STRA5	52.381	21	10	0	18	80	85	105	2.7	26.9
MF996621.1-20/2	sp|P64152|FPG_STRA3	52.381	21	10	0	18	80	85	105	2.7	26.9
MF996621.1-20/2	sp|Q3K028|FPG_STRA1	52.381	21	10	0	18	80	85	105	2.7	26.9
MF996621.1-20/2	sp|P37276|DYHC_DROME	78.571	14	3	0	97	56	4	17	5.7	26.2
MF996621.1-20/2	sp|Q80UK8|INT2_MOUSE	37.037	27	17	0	88	8	1132	1158	6.4	26.2
MF996621.1-20/2	sp|Q9H0H0|INT2_HUMAN	37.037	27	17	0	88	8	1138	1164	6.4	26.2
MF996621.1-20/2	sp|P26752|EF2_THEAC	57.143	14	6	0	9	50	196	209	9.6	25.4
MF996621.1-18/1	sp|Q6Q1S2|SPIKE_CVHNL	100.000	32	0	0	3	98	584	615	2.80e-15	69.3
MF996621.1-18/1	sp|P15423|SPIKE_CVH22	58.065	31	13	0	6	98	404	434	1.72e-06	44.7
MF996621.1-18/1	sp|P36300|SPIKE_CVCAI	46.429	28	15	0	15	98	650	677	0.28	30.0
MF996621.1-18/1	sp|P24413|SPIKE_CVPRM	50.000	28	14	0	15	98	423	450	0.28	30.0
MF996621.1-18/1	sp|Q7T6T3|SPIKE_CVCBG	56.522	23	10	0	30	98	656	678	0.34	29.6
MF996621.1-18/1	sp|Q65984|SPIKE_CVCAK	46.429	28	15	0	15	98	651	678	0.55	28.9
MF996621.1-18/1	sp|P10033|SPIKE_FIPV	46.429	28	15	0	15	98	650	677	0.57	28.9
MF996621.1-18/1	sp|P07946|SPIKE_CVPPU	46.429	28	15	0	15	98	645	672	0.60	28.9
MF996621.1-18/1	sp|Q01977|SPIKE_CVPRT	46.429	28	15	0	15	98	645	672	0.62	28.9
MF996621.1-18/1	sp|P27655|SPIKE_CVPR8	50.000	28	14	0	15	98	423	450	0.62	28.9
MF996621.1-18/1	sp|P33470|SPIKE_CVPMI	46.429	28	15	0	15	98	647	674	0.77	28.5
MF996621.1-18/1	sp|Q0Q466|SPIKE_BC512	45.833	24	13	0	27	98	613	636	1.3	28.1
MF996621.1-18/1	sp|P18450|SPIKE_CVPFS	50.000	24	12	0	27	98	651	674	1.4	27.7
MF996621.1-18/1	sp|A2BHJ4|CNO6L_DANRE	37.037	27	17	0	9	89	492	518	1.4	27.7
MF996621.1-18/1	sp|Q9FKZ1|DRL42_ARATH	64.286	14	5	0	48	89	382	395	3.1	26.9
MF996621.1-18/1	sp|P39753|FLHP_BACSU	51.724	29	9	1	21	92	116	144	8.5	25.8
MF996621.1-18/2	sp|Q6Q1S2|SPIKE_CVHNL	90.323	31	3	0	98	6	779	809	2.92e-12	60.8
MF996621.1-18/2	sp|P15423|SPIKE_CVH22	80.645	31	6	0	98	6	598	628	1.96e-09	52.8
MF996621.1-18/2	sp|P36300|SPIKE_CVCAI	61.290	31	12	0	98	6	853	883	1.29e-07	47.8
MF996621.1-18/2	sp|P10033|SPIKE_FIPV	61.290	31	12	0	98	6	854	884	1.34e-07	47.8
MF996621.1-18/2	sp|Q65984|SPIKE_CVCAK	58.065	31	13	0	98	6	855	885	3.99e-07	46.2
MF996621.1-18/2	sp|Q01977|SPIKE_CVPRT	58.065	31	13	0	98	6	849	879	4.40e-07	46.2
MF996621.1-18/2	sp|P07946|SPIKE_CVPPU	58.065	31	13	0	98	6	849	879	4.44e-07	46.2
MF996621.1-18/2	sp|P27655|SPIKE_CVPR8	58.065	31	13	0	98	6	627	657	4.45e-07	46.2
MF996621.1-18/2	sp|P18450|SPIKE_CVPFS	58.065	31	13	0	98	6	851	881	4.57e-07	46.2
MF996621.1-18/2	sp|P24413|SPIKE_CVPRM	58.065	31	13	0	98	6	627	657	4.63e-07	46.2
MF996621.1-18/2	sp|P33470|SPIKE_CVPMI	58.065	31	13	0	98	6	851	881	4.71e-07	46.2
MF996621.1-18/2	sp|Q91AV1|SPIKE_PEDV7	61.290	31	12	0	98	6	795	825	1.21e-06	45.1
MF996621.1-18/2	sp|Q7T6T3|SPIKE_CVCBG	54.839	31	14	0	98	6	855	885	5.63e-06	43.1
MF996621.1-18/2	sp|Q0Q466|SPIKE_BC512	58.065	31	13	0	98	6	798	828	1.55e-05	42.0
MF996621.1-18/2	sp|A3EXD0|SPIKE_BCHK5	48.276	29	15	0	98	12	793	821	0.023	33.1
MF996621.1-18/2	sp|K9N5Q8|SPIKE_CVEMC	44.828	29	16	0	98	12	796	824	0.054	32.0
MF996621.1-18/2	sp|Q0Q4F2|SPIKE_BC133	52.174	23	11	0	80	12	801	823	0.24	30.0
MF996621.1-18/2	sp|A3EX94|SPIKE_BCHK4	52.174	23	11	0	80	12	801	823	0.25	30.0
MF996621.1-18/2	sp|C0HKM3|HYAL_CONPU	44.444	18	10	0	86	33	361	378	4.0	26.6
MF996621.1-18/2	sp|Q3I5J5|SPIKE_BCRP3	47.826	23	12	0	74	6	704	726	4.8	26.6
MF996621.1-18/2	sp|Q0Q475|SPIKE_BC279	47.826	23	12	0	74	6	704	726	4.8	26.6
MF996621.1-18/2	sp|Q3LZX1|SPIKE_BCHK3	47.826	23	12	0	74	6	705	727	5.0	26.6
MF996621.1-18/2	sp|C0Q329|FADR_SALPC	36.364	33	20	1	3	98	48	80	6.9	26.2
MF996621.1-18/2	sp|B4EXU3|FADR_PROMH	36.364	33	20	1	3	98	48	80	6.9	26.2
MF996621.1-18/2	sp|A7MKD4|FADR_CROS8	36.364	33	20	1	3	98	48	80	6.9	26.2
MF996621.1-18/2	sp|A1JQP6|FADR_YERE8	36.364	33	20	1	3	98	48	80	7.2	25.8
MF996621.1-18/2	sp|Q7N3Z5|FADR_PHOLL	36.364	33	20	1	3	98	48	80	7.3	25.8
MF996621.1-18/2	sp|B2VJ49|FADR_ERWT9	36.364	33	20	1	3	98	48	80	7.3	25.8
MF996621.1-18/2	sp|B1JLH6|FADR_YERPY	36.364	33	20	1	3	98	48	80	7.4	25.8
MF996621.1-18/2	sp|Q66AQ8|FADR_YERPS	36.364	33	20	1	3	98	48	80	7.4	25.8
MF996621.1-18/2	sp|A4TJC6|FADR_YERPP	36.364	33	20	1	3	98	48	80	7.4	25.8
MF996621.1-18/2	sp|Q1CJ88|FADR_YERPN	36.364	33	20	1	3	98	48	80	7.4	25.8
MF996621.1-18/2	sp|A9R9D5|FADR_YERPG	36.364	33	20	1	3	98	48	80	7.4	25.8
MF996621.1-18/2	sp|Q8ZEL9|FADR_YERPE	36.364	33	20	1	3	98	48	80	7.4	25.8
MF996621.1-18/2	sp|B2K3Q1|FADR_YERPB	36.364	33	20	1	3	98	48	80	7.4	25.8
MF996621.1-18/2	sp|Q1C7V2|FADR_YERPA	36.364	33	20	1	3	98	48	80	7.4	25.8
MF996621.1-18/2	sp|A7FI94|FADR_YERP3	36.364	33	20	1	3	98	48	80	7.4	25.8
MF996621.1-18/2	sp|A4WBF4|FADR_ENT38	36.364	33	20	1	3	98	48	80	8.0	25.8
MF996621.1-18/2	sp|C5B9W3|FADR_EDWI9	36.364	33	20	1	3	98	48	80	9.2	25.8
MF996621.1-16/1	sp|Q6Q1S2|SPIKE_CVHNL	75.758	33	7	1	3	98	86	118	8.93e-09	50.8
MF996621.1-16/2	sp|Q6Q1S2|SPIKE_CVHNL	90.909	33	3	0	99	1	292	324	3.64e-13	63.5
MF996621.1-16/2	sp|P15423|SPIKE_CVH22	53.571	28	9	1	99	16	113	136	0.026	32.7
MF996621.1-14/1	sp|Q6Q1S2|SPIKE_CVHNL	96.970	33	1	0	2	100	978	1010	4.36e-11	57.8
MF996621.1-14/1	sp|P15423|SPIKE_CVH22	60.606	33	13	0	2	100	797	829	5.45e-05	40.4
MF996621.1-14/1	sp|Q0Q466|SPIKE_BC512	51.515	33	16	0	2	100	993	1025	0.029	32.7
MF996621.1-14/1	sp|B4N9D3|WRNXO_DROWI	34.375	32	21	0	99	4	180	211	1.8	27.7
MF996621.1-14/1	sp|B4M401|WRNXO_DROVI	31.250	32	22	0	99	4	154	185	2.6	27.3
MF996621.1-14/2	sp|Q6Q1S2|SPIKE_CVHNL	93.750	32	2	0	98	3	1198	1229	4.35e-13	63.2
MF996621.1-14/2	sp|P15423|SPIKE_CVH22	68.750	32	10	0	98	3	1017	1048	2.62e-08	49.7
MF996621.1-14/2	sp|Q0Q466|SPIKE_BC512	50.000	32	16	0	98	3	1214	1245	0.001	36.6
MF996621.1-14/2	sp|Q91AV1|SPIKE_PEDV7	50.000	32	16	0	98	3	1226	1257	0.002	36.2
MF996621.1-14/2	sp|Q7T6T3|SPIKE_CVCBG	40.000	30	18	0	95	6	1296	1325	0.017	33.1
MF996621.1-14/2	sp|P36300|SPIKE_CVCAI	40.000	30	18	0	95	6	1294	1323	0.029	32.7
MF996621.1-14/2	sp|Q65984|SPIKE_CVCAK	36.667	30	19	0	95	6	1296	1325	0.037	32.3
MF996621.1-14/2	sp|P10033|SPIKE_FIPV	37.931	29	18	0	95	9	1295	1323	0.055	32.0
MF996621.1-14/2	sp|P18450|SPIKE_CVPFS	36.667	30	19	0	95	6	1292	1321	0.12	30.8
MF996621.1-14/2	sp|P24413|SPIKE_CVPRM	36.667	30	19	0	95	6	1068	1097	0.14	30.8
MF996621.1-14/2	sp|P27655|SPIKE_CVPR8	36.667	30	19	0	95	6	1068	1097	0.15	30.8
MF996621.1-14/2	sp|P33470|SPIKE_CVPMI	36.667	30	19	0	95	6	1292	1321	0.15	30.8
MF996621.1-14/2	sp|Q01977|SPIKE_CVPRT	36.667	30	19	0	95	6	1290	1319	0.15	30.4
MF996621.1-14/2	sp|P07946|SPIKE_CVPPU	36.667	30	19	0	95	6	1290	1319	0.16	30.4
MF996621.1-14/2	sp|Q58874|Y1479_METJA	41.379	29	17	0	92	6	6	34	4.8	26.6
MF996621.1-12/1	sp|Q6Q1S2|SPIKE_CVHNL	96.970	33	1	0	100	2	1090	1122	1.22e-15	70.5
MF996621.1-12/1	sp|P15423|SPIKE_CVH22	87.879	33	4	0	100	2	909	941	2.15e-14	67.0
MF996621.1-12/1	sp|P27655|SPIKE_CVPR8	69.697	33	10	0	100	2	955	987	2.58e-11	58.2
MF996621.1-12/1	sp|Q7T6T3|SPIKE_CVCBG	66.667	33	11	0	100	2	1183	1215	4.07e-11	57.8
MF996621.1-12/1	sp|Q65984|SPIKE_CVCAK	66.667	33	11	0	100	2	1183	1215	4.11e-11	57.8
MF996621.1-12/1	sp|P10033|SPIKE_FIPV	66.667	33	11	0	100	2	1182	1214	4.19e-11	57.8
MF996621.1-12/1	sp|P24413|SPIKE_CVPRM	66.667	33	11	0	100	2	955	987	6.65e-11	57.0
MF996621.1-12/1	sp|P33470|SPIKE_CVPMI	66.667	33	11	0	100	2	1179	1211	6.90e-11	57.0
MF996621.1-12/1	sp|Q01977|SPIKE_CVPRT	66.667	33	11	0	100	2	1177	1209	6.90e-11	57.0
MF996621.1-12/1	sp|P07946|SPIKE_CVPPU	66.667	33	11	0	100	2	1177	1209	7.47e-11	57.0
MF996621.1-12/1	sp|P18450|SPIKE_CVPFS	66.667	33	11	0	100	2	1179	1211	7.69e-11	57.0
MF996621.1-12/1	sp|P36300|SPIKE_CVCAI	66.667	33	11	0	100	2	1181	1213	8.48e-11	57.0
MF996621.1-12/1	sp|Q91AV1|SPIKE_PEDV7	73.529	34	8	1	100	2	1111	1144	2.37e-10	55.5
MF996621.1-12/1	sp|P12650|SPIKE_IBVK	66.667	33	11	0	100	2	897	929	4.20e-09	52.0
MF996621.1-12/1	sp|P12651|SPIKE_IBVM	66.667	33	11	0	100	2	897	929	1.27e-08	50.8
MF996621.1-12/1	sp|P05135|SPIKE_IBV6	66.667	33	11	0	100	2	898	930	1.28e-08	50.4
MF996621.1-12/1	sp|P12722|SPIKE_IBVD2	66.667	33	11	0	100	2	898	930	1.30e-08	50.4
MF996621.1-12/1	sp|Q0Q466|SPIKE_BC512	67.647	34	10	1	100	2	1105	1138	1.36e-08	50.4
MF996621.1-12/1	sp|P11223|SPIKE_IBVB	66.667	33	11	0	100	2	897	929	1.39e-08	50.4
MF996621.1-12/1	sp|Q5MQD0|SPIKE_CVHN1	63.636	33	12	0	100	2	1109	1141	3.88e-08	49.3
MF996621.1-12/1	sp|A3EXD0|SPIKE_BCHK5	72.414	29	8	0	100	14	1095	1123	5.46e-08	48.9
MF996621.1-12/1	sp|P25192|SPIKE_CVBLY	65.625	32	11	0	97	2	1119	1150	5.57e-08	48.9
MF996621.1-12/1	sp|Q0Q4F2|SPIKE_BC133	66.667	33	11	0	100	2	1095	1127	5.62e-08	48.9
MF996621.1-12/1	sp|A3EX94|SPIKE_BCHK4	66.667	33	11	0	100	2	1097	1129	5.96e-08	48.9
MF996621.1-12/1	sp|P36334|SPIKE_CVHOC	65.625	32	11	0	97	2	1109	1140	6.51e-08	48.5
MF996621.1-12/1	sp|P25193|SPIKE_CVBQ	65.625	32	11	0	97	2	1119	1150	6.77e-08	48.5
MF996621.1-12/1	sp|P15777|SPIKE_CVBM	65.625	32	11	0	97	2	1119	1150	6.77e-08	48.5
MF996621.1-12/1	sp|Q8V436|SPIKE_CVBLU	65.625	32	11	0	97	2	1119	1150	6.91e-08	48.5
MF996621.1-12/1	sp|P25190|SPIKE_CVBF	65.625	32	11	0	97	2	1119	1150	6.97e-08	48.5
MF996621.1-12/1	sp|P25194|SPIKE_CVBV	65.625	32	11	0	97	2	1119	1150	7.04e-08	48.5
MF996621.1-12/1	sp|Q9QAQ8|SPIKE_CVBOK	65.625	32	11	0	97	2	1119	1150	7.11e-08	48.5
MF996621.1-12/1	sp|P25191|SPIKE_CVBL9	65.625	32	11	0	97	2	1119	1150	7.18e-08	48.5
MF996621.1-12/1	sp|Q91A26|SPIKE_CVBEN	65.625	32	11	0	97	2	1119	1150	7.18e-08	48.5
MF996621.1-12/1	sp|Q9QAR5|SPIKE_CVBLS	65.625	32	11	0	97	2	1119	1150	7.32e-08	48.5
MF996621.1-12/1	sp|K9N5Q8|SPIKE_CVEMC	63.636	33	12	0	100	2	1098	1130	8.24e-08	48.5
MF996621.1-12/1	sp|Q8BB25|SPIKE_CVP67	65.625	32	11	0	97	2	1105	1136	1.82e-07	47.4
MF996621.1-12/1	sp|Q9IKD1|SPIKE_CVRSD	65.625	32	11	0	97	2	1111	1142	1.84e-07	47.4
MF996621.1-12/1	sp|Q8JSP8|SPIKE_CVPIA	65.625	32	11	0	97	2	1105	1136	1.91e-07	47.4
MF996621.1-12/1	sp|Q0ZME7|SPIKE_CVHN5	65.625	32	11	0	97	2	1106	1137	2.05e-07	47.4
MF996621.1-12/1	sp|Q14EB0|SPIKE_CVHN2	65.625	32	11	0	97	2	1106	1137	2.05e-07	47.4
MF996621.1-12/1	sp|P11225|SPIKE_CVMJH	62.500	32	12	0	97	2	986	1017	2.31e-07	47.0
MF996621.1-12/1	sp|Q02385|SPIKE_CVMJC	62.500	32	12	0	97	2	1127	1158	2.67e-07	47.0
MF996621.1-12/1	sp|P22432|SPIKE_CVM4	62.500	32	12	0	97	2	1127	1158	2.67e-07	47.0
MF996621.1-12/1	sp|P11224|SPIKE_CVMA5	62.500	32	12	0	97	2	1075	1106	2.75e-07	47.0
MF996621.1-12/1	sp|A3EXG6|SPIKE_BCHK9	68.966	29	9	0	100	14	1021	1049	5.57e-07	45.8
MF996621.1-12/1	sp|Q3LZX1|SPIKE_BCHK3	48.485	33	17	0	100	2	993	1025	7.90e-04	37.0
MF996621.1-12/1	sp|Q3I5J5|SPIKE_BCRP3	45.455	33	18	0	100	2	992	1024	0.002	36.2
MF996621.1-12/1	sp|P59594|SPIKE_CVHSA	45.455	33	18	0	100	2	1006	1038	0.002	36.2
MF996621.1-12/1	sp|Q0Q475|SPIKE_BC279	45.455	33	18	0	100	2	992	1024	0.002	36.2
MF996621.1-12/1	sp|C3VEQ0|ZDS_ONCHC	42.105	19	11	0	12	68	227	245	2.4	27.3
MF996621.1-12/1	sp|Q1MQB3|KTHY_LAWIP	43.333	30	14	1	6	95	117	143	9.3	25.8
MF996621.1-12/1	sp|Q82685|L_IHNVW	50.000	18	9	0	33	86	1524	1541	9.4	25.8
MF996621.1-12/1	sp|Q82707|L_IHNVO	50.000	18	9	0	33	86	1524	1541	9.4	25.8
MF996621.1-12/2	sp|Q6Q1S2|SPIKE_CVHNL	100.000	33	0	0	2	100	860	892	8.50e-15	68.2
MF996621.1-12/2	sp|P15423|SPIKE_CVH22	82.143	28	5	0	17	100	684	711	5.42e-09	51.6
MF996621.1-12/2	sp|P18450|SPIKE_CVPFS	91.304	23	2	0	32	100	958	980	1.82e-06	44.7
MF996621.1-12/2	sp|P27655|SPIKE_CVPR8	91.304	23	2	0	32	100	734	756	2.70e-06	43.9
MF996621.1-12/2	sp|P24413|SPIKE_CVPRM	91.304	23	2	0	32	100	734	756	3.07e-06	43.9
MF996621.1-12/2	sp|P33470|SPIKE_CVPMI	86.957	23	3	0	32	100	958	980	5.01e-06	43.1
MF996621.1-12/2	sp|P36300|SPIKE_CVCAI	86.957	23	3	0	32	100	960	982	6.46e-06	43.1
MF996621.1-12/2	sp|P07946|SPIKE_CVPPU	86.957	23	3	0	32	100	956	978	6.46e-06	43.1
MF996621.1-12/2	sp|Q7T6T3|SPIKE_CVCBG	86.957	23	3	0	32	100	962	984	6.66e-06	43.1
MF996621.1-12/2	sp|Q01977|SPIKE_CVPRT	86.957	23	3	0	32	100	956	978	6.66e-06	43.1
MF996621.1-12/2	sp|Q65984|SPIKE_CVCAK	86.957	23	3	0	32	100	962	984	6.85e-06	42.7
MF996621.1-12/2	sp|Q0Q466|SPIKE_BC512	62.500	32	12	0	5	100	876	907	1.04e-05	42.4
MF996621.1-12/2	sp|P10033|SPIKE_FIPV	86.364	22	3	0	35	100	962	983	3.86e-05	40.8
MF996621.1-12/2	sp|Q91AV1|SPIKE_PEDV7	69.231	26	8	0	23	100	888	913	9.44e-05	39.7
MF996621.1-12/2	sp|P22432|SPIKE_CVM4	61.538	26	10	0	17	94	916	941	0.032	32.7
MF996621.1-12/2	sp|P11224|SPIKE_CVMA5	61.538	26	10	0	17	94	864	889	0.032	32.7
MF996621.1-12/2	sp|P11225|SPIKE_CVMJH	61.538	26	10	0	17	94	775	800	0.032	32.7
MF996621.1-12/2	sp|P25194|SPIKE_CVBV	53.846	26	12	0	17	94	908	933	0.037	32.3
MF996621.1-12/2	sp|P25193|SPIKE_CVBQ	53.846	26	12	0	17	94	908	933	0.037	32.3
MF996621.1-12/2	sp|Q9QAQ8|SPIKE_CVBOK	53.846	26	12	0	17	94	908	933	0.037	32.3
MF996621.1-12/2	sp|P15777|SPIKE_CVBM	53.846	26	12	0	17	94	908	933	0.037	32.3
MF996621.1-12/2	sp|P25192|SPIKE_CVBLY	53.846	26	12	0	17	94	908	933	0.037	32.3
MF996621.1-12/2	sp|Q8V436|SPIKE_CVBLU	53.846	26	12	0	17	94	908	933	0.037	32.3
MF996621.1-12/2	sp|Q9QAR5|SPIKE_CVBLS	53.846	26	12	0	17	94	908	933	0.037	32.3
MF996621.1-12/2	sp|P25191|SPIKE_CVBL9	53.846	26	12	0	17	94	908	933	0.037	32.3
MF996621.1-12/2	sp|P25190|SPIKE_CVBF	53.846	26	12	0	17	94	908	933	0.037	32.3
MF996621.1-12/2	sp|Q91A26|SPIKE_CVBEN	53.846	26	12	0	17	94	908	933	0.037	32.3
MF996621.1-12/2	sp|Q02385|SPIKE_CVMJC	57.692	26	11	0	17	94	916	941	0.087	31.2
MF996621.1-12/2	sp|P36334|SPIKE_CVHOC	53.846	26	12	0	17	94	898	923	0.19	30.4
MF996621.1-12/2	sp|Q8JSP8|SPIKE_CVPIA	56.000	25	11	0	17	91	894	918	0.49	29.3
MF996621.1-12/2	sp|Q8BB25|SPIKE_CVP67	56.000	25	11	0	17	91	894	918	0.49	29.3
MF996621.1-12/2	sp|P05135|SPIKE_IBV6	53.846	26	12	0	17	94	686	711	0.56	29.3
MF996621.1-12/2	sp|P12722|SPIKE_IBVD2	53.846	26	12	0	17	94	686	711	0.56	29.3
MF996621.1-12/2	sp|Q0ZME7|SPIKE_CVHN5	56.522	23	10	0	26	94	898	920	2.1	27.3
MF996621.1-12/2	sp|Q14EB0|SPIKE_CVHN2	56.522	23	10	0	26	94	898	920	2.1	27.3
MF996621.1-12/2	sp|K9N5Q8|SPIKE_CVEMC	44.444	27	15	0	5	85	878	904	6.0	26.2
MF996621.1-10/1	sp|Q6Q1S2|SPIKE_CVHNL	90.909	33	3	0	100	2	270	302	4.25e-14	66.2
MF996621.1-10/1	sp|P15423|SPIKE_CVH22	54.545	33	14	1	100	2	92	123	1.09e-04	39.7
MF996621.1-10/1	sp|P36300|SPIKE_CVCAI	52.632	19	9	0	58	2	332	350	5.9	26.2
MF996621.1-10/1	sp|Q65984|SPIKE_CVCAK	52.632	19	9	0	58	2	332	350	6.1	26.2
MF996621.1-10/1	sp|P10033|SPIKE_FIPV	52.632	19	9	0	58	2	331	349	6.2	26.2
MF996621.1-10/1	sp|Q7T6T3|SPIKE_CVCBG	52.632	19	9	0	58	2	332	350	6.3	26.2
MF996621.1-10/1	sp|P24413|SPIKE_CVPRM	48.000	25	12	1	73	2	98	122	9.8	25.8
MF996621.1-10/1	sp|P27655|SPIKE_CVPR8	48.000	25	12	1	73	2	98	122	10.0	25.8
MF996621.1-10/2	sp|Q6Q1S2|SPIKE_CVHNL	87.879	33	4	0	2	100	62	94	7.56e-14	65.5
MF996621.1-10/2	sp|P25870|CLH_DICDI	50.000	20	10	0	11	70	884	903	8.7	25.8
MF996621.1-8/1	sp|Q6Q1S2|SPIKE_CVHNL	93.939	33	2	0	100	2	1268	1300	4.53e-18	77.4
MF996621.1-8/1	sp|P15423|SPIKE_CVH22	78.788	33	7	0	100	2	1087	1119	4.43e-13	63.2
MF996621.1-8/1	sp|Q91AV1|SPIKE_PEDV7	63.636	33	12	0	100	2	1296	1328	2.28e-10	55.5
MF996621.1-8/1	sp|P27655|SPIKE_CVPR8	64.286	28	10	0	85	2	1143	1170	1.84e-08	50.1
MF996621.1-8/1	sp|P24413|SPIKE_CVPRM	64.286	28	10	0	85	2	1143	1170	2.03e-08	50.1
MF996621.1-8/1	sp|Q7T6T3|SPIKE_CVCBG	64.286	28	10	0	85	2	1371	1398	2.64e-08	49.7
MF996621.1-8/1	sp|Q65984|SPIKE_CVCAK	64.286	28	10	0	85	2	1371	1398	2.75e-08	49.7
MF996621.1-8/1	sp|P36300|SPIKE_CVCAI	64.286	28	10	0	85	2	1369	1396	2.89e-08	49.7
MF996621.1-8/1	sp|P10033|SPIKE_FIPV	64.286	28	10	0	85	2	1370	1397	3.15e-08	49.7
MF996621.1-8/1	sp|Q0Q466|SPIKE_BC512	57.576	33	14	0	100	2	1284	1316	3.31e-08	49.3
MF996621.1-8/1	sp|P33470|SPIKE_CVPMI	64.286	28	10	0	85	2	1367	1394	4.53e-08	48.9
MF996621.1-8/1	sp|Q01977|SPIKE_CVPRT	64.286	28	10	0	85	2	1365	1392	5.51e-08	48.9
MF996621.1-8/1	sp|P18450|SPIKE_CVPFS	64.286	28	10	0	85	2	1367	1394	5.62e-08	48.9
MF996621.1-8/1	sp|P07946|SPIKE_CVPPU	64.286	28	10	0	85	2	1365	1392	5.62e-08	48.9
MF996621.1-8/1	sp|A3EXG6|SPIKE_BCHK9	53.571	28	13	0	85	2	1189	1216	2.26e-07	47.0
MF996621.1-8/1	sp|P11224|SPIKE_CVMA5	42.424	33	19	0	100	2	1237	1269	6.02e-07	45.8
MF996621.1-8/1	sp|P22432|SPIKE_CVM4	42.424	33	19	0	100	2	1289	1321	6.58e-07	45.8
MF996621.1-8/1	sp|Q02385|SPIKE_CVMJC	42.424	33	19	0	100	2	1289	1321	6.98e-07	45.8
MF996621.1-8/1	sp|Q9IKD1|SPIKE_CVRSD	42.424	33	19	0	100	2	1273	1305	7.25e-07	45.8
MF996621.1-8/1	sp|P11225|SPIKE_CVMJH	42.424	33	19	0	100	2	1148	1180	8.92e-07	45.4
MF996621.1-8/1	sp|P25193|SPIKE_CVBQ	45.455	33	18	0	100	2	1279	1311	1.28e-06	45.1
MF996621.1-8/1	sp|P15777|SPIKE_CVBM	45.455	33	18	0	100	2	1279	1311	1.31e-06	45.1
MF996621.1-8/1	sp|Q8V436|SPIKE_CVBLU	45.455	33	18	0	100	2	1279	1311	1.40e-06	45.1
MF996621.1-8/1	sp|P25190|SPIKE_CVBF	45.455	33	18	0	100	2	1279	1311	1.44e-06	44.7
MF996621.1-8/1	sp|Q9QAQ8|SPIKE_CVBOK	45.455	33	18	0	100	2	1279	1311	1.46e-06	44.7
MF996621.1-8/1	sp|Q91A26|SPIKE_CVBEN	45.455	33	18	0	100	2	1279	1311	1.46e-06	44.7
MF996621.1-8/1	sp|Q9QAR5|SPIKE_CVBLS	45.455	33	18	0	100	2	1279	1311	1.47e-06	44.7
MF996621.1-8/1	sp|P25192|SPIKE_CVBLY	45.455	33	18	0	100	2	1279	1311	1.48e-06	44.7
MF996621.1-8/1	sp|P36334|SPIKE_CVHOC	45.455	33	18	0	100	2	1269	1301	1.48e-06	44.7
MF996621.1-8/1	sp|P25194|SPIKE_CVBV	45.455	33	18	0	100	2	1279	1311	1.51e-06	44.7
MF996621.1-8/1	sp|P25191|SPIKE_CVBL9	45.455	33	18	0	100	2	1279	1311	1.51e-06	44.7
MF996621.1-8/1	sp|Q8BB25|SPIKE_CVP67	45.455	33	18	0	100	2	1265	1297	1.57e-06	44.7
MF996621.1-8/1	sp|A3EX94|SPIKE_BCHK4	50.000	32	16	0	97	2	1270	1301	1.59e-06	44.7
MF996621.1-8/1	sp|P05135|SPIKE_IBV6	45.455	33	18	0	100	2	1066	1098	1.99e-06	44.3
MF996621.1-8/1	sp|P12722|SPIKE_IBVD2	45.455	33	18	0	100	2	1066	1098	1.99e-06	44.3
MF996621.1-8/1	sp|Q8JSP8|SPIKE_CVPIA	45.455	33	18	0	100	2	1265	1297	2.22e-06	44.3
MF996621.1-8/1	sp|Q0Q4F2|SPIKE_BC133	46.875	32	17	0	97	2	1268	1299	2.42e-06	44.3
MF996621.1-8/1	sp|P12651|SPIKE_IBVM	45.455	33	18	0	100	2	1065	1097	3.04e-06	43.9
MF996621.1-8/1	sp|P11223|SPIKE_IBVB	45.455	33	18	0	100	2	1065	1097	3.04e-06	43.9
MF996621.1-8/1	sp|Q5MQD0|SPIKE_CVHN1	43.750	32	18	0	97	2	1273	1304	3.45e-06	43.9
MF996621.1-8/1	sp|Q0ZME7|SPIKE_CVHN5	40.625	32	19	0	97	2	1268	1299	4.04e-06	43.5
MF996621.1-8/1	sp|Q14EB0|SPIKE_CVHN2	40.625	32	19	0	97	2	1268	1299	4.04e-06	43.5
MF996621.1-8/1	sp|P59594|SPIKE_CVHSA	52.000	25	12	0	76	2	1175	1199	6.66e-06	43.1
MF996621.1-8/1	sp|Q3LZX1|SPIKE_BCHK3	52.000	25	12	0	76	2	1162	1186	6.66e-06	43.1
MF996621.1-8/1	sp|Q3I5J5|SPIKE_BCRP3	52.000	25	12	0	76	2	1161	1185	6.66e-06	43.1
MF996621.1-8/1	sp|Q0Q475|SPIKE_BC279	52.000	25	12	0	76	2	1161	1185	6.66e-06	43.1
MF996621.1-8/1	sp|A3EXD0|SPIKE_BCHK5	46.429	28	15	0	85	2	1274	1301	1.05e-05	42.4
MF996621.1-8/1	sp|K9N5Q8|SPIKE_CVEMC	43.750	32	18	0	97	2	1269	1300	1.68e-05	42.0
MF996621.1-8/1	sp|P12650|SPIKE_IBVK	42.424	33	19	0	100	2	1065	1097	4.57e-05	40.4
MF996621.1-8/1	sp|Q0I5B7|RPOB_HAES1	52.381	21	10	0	2	64	1317	1337	1.9	27.7
MF996621.1-8/1	sp|B0URZ6|RPOB_HISS2	52.381	21	10	0	2	64	1317	1337	2.0	27.7
MF996621.1-8/1	sp|Q9CK91|RPOB_PASMU	52.381	21	10	0	2	64	1317	1337	2.0	27.7
MF996621.1-8/1	sp|Q65W41|RPOB_MANSM	52.381	21	10	0	2	64	1317	1337	2.5	27.3
MF996621.1-8/1	sp|A1T065|RPOB_PSYIN	47.619	21	11	0	2	64	1320	1340	3.7	26.9
MF996621.1-8/1	sp|Q0VSM2|RPOB_ALCBS	47.619	21	11	0	2	64	1355	1375	4.6	26.6
MF996621.1-8/1	sp|Q089R1|RPOB_SHEFN	47.619	21	11	0	2	64	1318	1338	4.6	26.6
MF996621.1-8/1	sp|A4SHU9|RPOB_AERS4	47.619	21	11	0	2	64	1317	1337	4.6	26.6
MF996621.1-8/1	sp|A0KQA5|RPOB_AERHH	47.619	21	11	0	2	64	1317	1337	4.6	26.6
MF996621.1-8/1	sp|Q3ILP9|RPOB_PSEHT	47.619	21	11	0	2	64	1316	1336	4.6	26.6
MF996621.1-8/1	sp|A5WH35|RPOB_PSYWF	52.381	21	10	0	2	64	1346	1366	4.8	26.6
MF996621.1-8/1	sp|Q1Q8P9|RPOB_PSYCK	52.381	21	10	0	2	64	1346	1366	4.8	26.6
MF996621.1-8/1	sp|Q4FQH3|RPOB_PSYA2	52.381	21	10	0	2	64	1346	1366	4.8	26.6
MF996621.1-8/1	sp|B8CNC5|RPOB_SHEPW	47.619	21	11	0	2	64	1318	1338	4.9	26.6
MF996621.1-8/1	sp|A8G1F5|RPOB_SHESH	47.619	21	11	0	2	64	1318	1338	5.1	26.6
MF996621.1-8/1	sp|Q12SW6|RPOB_SHEDO	47.619	21	11	0	2	64	1318	1338	5.3	26.6
MF996621.1-8/1	sp|Q47UV9|RPOB_COLP3	47.619	21	11	0	2	64	1317	1337	5.3	26.6
MF996621.1-8/1	sp|Q6LLW2|RPOB_PHOPR	47.619	21	11	0	2	64	1316	1336	5.5	26.2
MF996621.1-8/1	sp|B1KMZ0|RPOB_SHEWM	47.619	21	11	0	2	64	1318	1338	5.5	26.2
MF996621.1-8/1	sp|Q15YB1|RPOB_PSEA6	47.619	21	11	0	2	64	1317	1337	5.7	26.2
MF996621.1-8/1	sp|A8GYW9|RPOB_SHEPA	47.619	21	11	0	2	64	1318	1338	5.7	26.2
MF996621.1-8/1	sp|Q08726|GPN2_YEAST	54.545	22	10	0	20	85	121	142	6.0	26.2
MF996621.1-8/1	sp|A3Q975|RPOB_SHELP	47.619	21	11	0	2	64	1318	1338	6.2	26.2
MF996621.1-8/1	sp|Q7MGR8|RPOB_VIBVY	47.619	21	11	0	2	64	1316	1336	6.2	26.2
MF996621.1-8/1	sp|Q8DD20|RPOB_VIBVU	47.619	21	11	0	2	64	1316	1336	6.2	26.2
MF996621.1-8/1	sp|A6WHS1|RPOB_SHEB8	47.619	21	11	0	2	64	1318	1338	6.3	26.2
MF996621.1-8/1	sp|A3DB95|RPOB_SHEB5	47.619	21	11	0	2	64	1318	1338	6.3	26.2
MF996621.1-8/1	sp|B8EBL2|RPOB_SHEB2	47.619	21	11	0	2	64	1318	1338	6.3	26.2
MF996621.1-8/1	sp|C6DHR5|RPOB_PECCP	47.619	21	11	0	2	64	1317	1337	6.3	26.2
MF996621.1-8/1	sp|Q6DAN0|RPOB_PECAS	47.619	21	11	0	2	64	1317	1337	6.3	26.2
MF996621.1-8/1	sp|B6ENR3|RPOB_ALISL	47.619	21	11	0	2	64	1316	1336	6.3	26.2
MF996621.1-8/1	sp|A1REA7|RPOB_SHESW	47.619	21	11	0	2	64	1318	1338	6.4	26.2
MF996621.1-8/1	sp|A4YBZ0|RPOB_SHEPC	47.619	21	11	0	2	64	1318	1338	6.4	26.2
MF996621.1-8/1	sp|B1JJJ9|RPOB_YERPY	47.619	21	11	0	2	64	1317	1337	6.4	26.2
MF996621.1-8/1	sp|Q66FQ2|RPOB_YERPS	47.619	21	11	0	2	64	1317	1337	6.4	26.2
MF996621.1-8/1	sp|A4TS29|RPOB_YERPP	47.619	21	11	0	2	64	1317	1337	6.4	26.2
MF996621.1-8/1	sp|Q1CN78|RPOB_YERPN	47.619	21	11	0	2	64	1317	1337	6.4	26.2
MF996621.1-8/1	sp|Q8ZAP5|RPOB_YERPE	47.619	21	11	0	2	64	1317	1337	6.4	26.2
MF996621.1-8/1	sp|B2K113|RPOB_YERPB	47.619	21	11	0	2	64	1317	1337	6.4	26.2
MF996621.1-8/1	sp|Q1C1U1|RPOB_YERPA	47.619	21	11	0	2	64	1317	1337	6.4	26.2
MF996621.1-8/1	sp|A7FNI3|RPOB_YERP3	47.619	21	11	0	2	64	1317	1337	6.4	26.2
MF996621.1-8/1	sp|A1JII0|RPOB_YERE8	47.619	21	11	0	2	64	1317	1337	6.4	26.2
MF996621.1-8/1	sp|A7MXF1|RPOB_VIBCB	47.619	21	11	0	2	64	1316	1336	6.4	26.2
MF996621.1-8/1	sp|Q2NWR6|RPOB_SODGM	47.619	21	11	0	2	64	1317	1337	6.4	26.2
MF996621.1-8/1	sp|A8G8E7|RPOB_SERP5	47.619	21	11	0	2	64	1317	1337	6.4	26.2
MF996621.1-8/1	sp|Q57H69|RPOB_SALCH	47.619	21	11	0	2	64	1317	1337	6.4	26.2
MF996621.1-8/1	sp|B7MRB3|RPOB_ECO81	47.619	21	11	0	2	64	1317	1337	6.4	26.2
MF996621.1-8/1	sp|A8AKT9|RPOB_CITK8	47.619	21	11	0	2	64	1317	1337	6.4	26.2
MF996621.1-8/1	sp|Q9KV30|RPOB_VIBCH	47.619	21	11	0	2	64	1316	1336	6.4	26.2
MF996621.1-8/1	sp|Q9KW14|RPOB_SHEVI	47.619	21	11	0	2	64	1318	1338	6.6	26.2
MF996621.1-8/1	sp|Q87KQ4|RPOB_VIBPA	47.619	21	11	0	2	64	1316	1336	6.6	26.2
MF996621.1-8/1	sp|B4EYU9|RPOB_PROMH	47.619	21	11	0	2	64	1317	1337	6.6	26.2
MF996621.1-8/1	sp|A4W5A7|RPOB_ENT38	47.619	21	11	0	2	64	1317	1337	6.6	26.2
MF996621.1-8/1	sp|B5FC88|RPOB_ALIFM	47.619	21	11	0	2	64	1316	1336	6.6	26.2
MF996621.1-8/1	sp|Q5E238|RPOB_ALIF1	47.619	21	11	0	2	64	1316	1336	6.6	26.2
MF996621.1-8/1	sp|A5F3P5|RPOB_VIBC3	47.619	21	11	0	2	64	1316	1336	6.6	26.2
MF996621.1-8/1	sp|B5RFK1|RPOB_SALG2	47.619	21	11	0	2	64	1317	1337	6.6	26.2
MF996621.1-8/1	sp|Q0SY13|RPOB_SHIF8	47.619	21	11	0	2	64	1317	1337	6.7	26.2
MF996621.1-8/1	sp|A9R0H8|RPOB_YERPG	47.619	21	11	0	2	64	1317	1337	6.8	26.2
MF996621.1-8/1	sp|B4TQJ5|RPOB_SALSV	47.619	21	11	0	2	64	1317	1337	6.8	26.2
MF996621.1-8/1	sp|B5BJQ3|RPOB_SALPK	47.619	21	11	0	2	64	1317	1337	6.8	26.2
MF996621.1-8/1	sp|C0Q2R7|RPOB_SALPC	47.619	21	11	0	2	64	1317	1337	6.8	26.2
MF996621.1-8/1	sp|A9N0J4|RPOB_SALPB	47.619	21	11	0	2	64	1317	1337	6.8	26.2
MF996621.1-8/1	sp|Q5PK93|RPOB_SALPA	47.619	21	11	0	2	64	1317	1337	6.8	26.2
MF996621.1-8/1	sp|B4T0Y9|RPOB_SALNS	47.619	21	11	0	2	64	1317	1337	6.8	26.2
MF996621.1-8/1	sp|B4TCS4|RPOB_SALHS	47.619	21	11	0	2	64	1317	1337	6.8	26.2
MF996621.1-8/1	sp|B5QYD8|RPOB_SALEP	47.619	21	11	0	2	64	1317	1337	6.8	26.2
MF996621.1-8/1	sp|B5FQJ9|RPOB_SALDC	47.619	21	11	0	2	64	1317	1337	6.8	26.2
MF996621.1-8/1	sp|A9MHF1|RPOB_SALAR	47.619	21	11	0	2	64	1317	1337	6.8	26.2
MF996621.1-8/1	sp|B5F0W7|RPOB_SALA4	47.619	21	11	0	2	64	1317	1337	6.8	26.2
MF996621.1-8/1	sp|C4LBV2|RPOB_TOLAT	47.619	21	11	0	2	64	1317	1337	6.9	26.2
MF996621.1-8/1	sp|Q01277|SCONB_NEUCR	62.500	16	6	0	97	50	409	424	6.9	26.2
MF996621.1-8/1	sp|A1S211|RPOB_SHEAM	47.619	21	11	0	2	64	1317	1337	7.0	26.2
MF996621.1-8/1	sp|Q8Z320|RPOB_SALTI	47.619	21	11	0	2	64	1317	1337	7.0	26.2
MF996621.1-8/1	sp|Q7N9A4|RPOB_PHOLL	47.619	21	11	0	2	64	1317	1337	7.0	26.2
MF996621.1-8/1	sp|B7LUL5|RPOB_ESCF3	47.619	21	11	0	2	64	1317	1337	7.0	26.2
MF996621.1-8/1	sp|B2VG96|RPOB_ERWT9	47.619	21	11	0	2	64	1317	1337	7.0	26.2
MF996621.1-8/1	sp|Q8EK74|RPOB_SHEON	47.619	21	11	0	2	64	1320	1340	7.0	26.2
MF996621.1-8/1	sp|Q3YUZ7|RPOB_SHISS	47.619	21	11	0	2	64	1317	1337	7.0	26.2
MF996621.1-8/1	sp|P0A8V5|RPOB_SHIFL	47.619	21	11	0	2	64	1317	1337	7.0	26.2
MF996621.1-8/1	sp|Q32AF9|RPOB_SHIDS	47.619	21	11	0	2	64	1317	1337	7.0	26.2
MF996621.1-8/1	sp|Q31U10|RPOB_SHIBS	47.619	21	11	0	2	64	1317	1337	7.0	26.2
MF996621.1-8/1	sp|B2TWH3|RPOB_SHIB3	47.619	21	11	0	2	64	1317	1337	7.0	26.2
MF996621.1-8/1	sp|P06173|RPOB_SALTY	47.619	21	11	0	2	64	1317	1337	7.0	26.2
MF996621.1-8/1	sp|C5BHE3|RPOB_EDWI9	47.619	21	11	0	2	64	1317	1337	7.0	26.2
MF996621.1-8/1	sp|Q1R5V3|RPOB_ECOUT	47.619	21	11	0	2	64	1317	1337	7.0	26.2
MF996621.1-8/1	sp|B1LNT9|RPOB_ECOSM	47.619	21	11	0	2	64	1317	1337	7.0	26.2
MF996621.1-8/1	sp|B6I5J7|RPOB_ECOSE	47.619	21	11	0	2	64	1317	1337	7.0	26.2
MF996621.1-8/1	sp|B7NFS7|RPOB_ECOLU	47.619	21	11	0	2	64	1317	1337	7.0	26.2
MF996621.1-8/1	sp|P0A8V2|RPOB_ECOLI	47.619	21	11	0	2	64	1317	1337	7.0	26.2
MF996621.1-8/1	sp|B1IUR0|RPOB_ECOLC	47.619	21	11	0	2	64	1317	1337	7.0	26.2
MF996621.1-8/1	sp|P0A8V3|RPOB_ECOL6	47.619	21	11	0	2	64	1317	1337	7.0	26.2
MF996621.1-8/1	sp|Q0TA78|RPOB_ECOL5	47.619	21	11	0	2	64	1317	1337	7.0	26.2
MF996621.1-8/1	sp|A1AIF9|RPOB_ECOK1	47.619	21	11	0	2	64	1317	1337	7.0	26.2
MF996621.1-8/1	sp|A8A786|RPOB_ECOHS	47.619	21	11	0	2	64	1317	1337	7.0	26.2
MF996621.1-8/1	sp|B1XBY9|RPOB_ECODH	47.619	21	11	0	2	64	1317	1337	7.0	26.2
MF996621.1-8/1	sp|C5A0S7|RPOB_ECOBW	47.619	21	11	0	2	64	1317	1337	7.0	26.2
MF996621.1-8/1	sp|B7M734|RPOB_ECO8A	47.619	21	11	0	2	64	1317	1337	7.0	26.2
MF996621.1-8/1	sp|B7NRR5|RPOB_ECO7I	47.619	21	11	0	2	64	1317	1337	7.0	26.2
MF996621.1-8/1	sp|B5Z083|RPOB_ECO5E	47.619	21	11	0	2	64	1317	1337	7.0	26.2
MF996621.1-8/1	sp|P0A8V4|RPOB_ECO57	47.619	21	11	0	2	64	1317	1337	7.0	26.2
MF996621.1-8/1	sp|B7LA80|RPOB_ECO55	47.619	21	11	0	2	64	1317	1337	7.0	26.2
MF996621.1-8/1	sp|B7MIX3|RPOB_ECO45	47.619	21	11	0	2	64	1317	1337	7.0	26.2
MF996621.1-8/1	sp|B7UPE2|RPOB_ECO27	47.619	21	11	0	2	64	1317	1337	7.0	26.2
MF996621.1-8/1	sp|A7ZUK1|RPOB_ECO24	47.619	21	11	0	2	64	1317	1337	7.0	26.2
MF996621.1-8/1	sp|Q7VRP7|RPOB_BLOFL	47.619	21	11	0	2	64	1318	1338	7.0	26.2
MF996621.1-8/1	sp|Q21M93|RPOB_SACD2	47.619	21	11	0	2	64	1335	1355	7.1	26.2
MF996621.1-8/1	sp|B3PK30|RPOB_CELJU	47.619	21	11	0	2	64	1335	1355	7.1	26.2
MF996621.1-8/1	sp|C5BQ39|RPOB_TERTT	47.619	21	11	0	2	64	1334	1354	7.1	26.2
MF996621.1-8/1	sp|Q0I0B2|RPOB_SHESR	47.619	21	11	0	2	64	1320	1340	7.2	26.2
MF996621.1-8/1	sp|Q0HNU4|RPOB_SHESM	47.619	21	11	0	2	64	1320	1340	7.2	26.2
MF996621.1-8/1	sp|A0KRL7|RPOB_SHESA	47.619	21	11	0	2	64	1320	1340	7.2	26.2
MF996621.1-8/1	sp|A7MQQ9|RPOB_CROS8	47.619	21	11	0	2	64	1317	1337	7.3	25.8
MF996621.1-8/1	sp|A6TGP0|RPOB_KLEP7	47.619	21	11	0	2	64	1317	1337	7.4	25.8
MF996621.1-8/1	sp|B5XYF5|RPOB_KLEP3	47.619	21	11	0	2	64	1317	1337	7.4	25.8
MF996621.1-8/1	sp|B8GV65|RPOB_THISH	50.000	20	10	0	5	64	1334	1353	7.6	25.8
MF996621.1-8/1	sp|Q8D233|RPOB_WIGBR	47.619	21	11	0	2	64	1316	1336	7.6	25.8
MF996621.1-8/1	sp|Q89B20|RPOB_BUCBP	47.619	21	11	0	2	64	1318	1338	8.2	25.8
MF996621.1-8/1	sp|Q5VJL3|GDT9_DICDI	56.250	16	7	0	70	23	24	39	8.2	25.8
MF996621.1-8/1	sp|Q492B9|RPOB_BLOPB	47.619	21	11	0	2	64	1317	1337	8.8	25.8
MF996621.1-8/2	sp|Q6Q1S2|SPIKE_CVHNL	96.970	33	1	0	1	99	1062	1094	1.00e-13	65.1
MF996621.1-8/2	sp|Q91AV1|SPIKE_PEDV7	78.788	33	7	0	1	99	1083	1115	1.41e-10	56.2
MF996621.1-8/2	sp|P15423|SPIKE_CVH22	81.818	33	6	0	1	99	881	913	1.43e-10	56.2
MF996621.1-8/2	sp|Q0Q466|SPIKE_BC512	75.758	33	8	0	1	99	1077	1109	8.09e-09	51.2
MF996621.1-8/2	sp|Q65984|SPIKE_CVCAK	69.697	33	10	0	1	99	1155	1187	4.95e-08	48.9
MF996621.1-8/2	sp|Q01977|SPIKE_CVPRT	69.697	33	10	0	1	99	1149	1181	5.35e-08	48.9
MF996621.1-8/2	sp|P07946|SPIKE_CVPPU	69.697	33	10	0	1	99	1149	1181	5.35e-08	48.9
MF996621.1-8/2	sp|P18450|SPIKE_CVPFS	69.697	33	10	0	1	99	1151	1183	5.51e-08	48.9
MF996621.1-8/2	sp|P36300|SPIKE_CVCAI	69.697	33	10	0	1	99	1153	1185	5.62e-08	48.9
MF996621.1-8/2	sp|Q7T6T3|SPIKE_CVCBG	69.697	33	10	0	1	99	1155	1187	6.26e-08	48.5
MF996621.1-8/2	sp|P33470|SPIKE_CVPMI	69.697	33	10	0	1	99	1151	1183	6.90e-08	48.5
MF996621.1-8/2	sp|P10033|SPIKE_FIPV	69.697	33	10	0	1	99	1154	1186	7.11e-08	48.5
MF996621.1-8/2	sp|P27655|SPIKE_CVPR8	69.697	33	10	0	1	99	927	959	7.26e-08	48.5
MF996621.1-8/2	sp|P24413|SPIKE_CVPRM	69.697	33	10	0	1	99	927	959	7.55e-08	48.5
MF996621.1-8/2	sp|P25194|SPIKE_CVBV	54.545	33	15	0	1	99	1090	1122	0.010	33.9
MF996621.1-8/2	sp|Q9QAQ8|SPIKE_CVBOK	54.545	33	15	0	1	99	1090	1122	0.010	33.9
MF996621.1-8/2	sp|P25192|SPIKE_CVBLY	54.545	33	15	0	1	99	1090	1122	0.010	33.9
MF996621.1-8/2	sp|Q8V436|SPIKE_CVBLU	54.545	33	15	0	1	99	1090	1122	0.010	33.9
MF996621.1-8/2	sp|Q9QAR5|SPIKE_CVBLS	54.545	33	15	0	1	99	1090	1122	0.010	33.9
MF996621.1-8/2	sp|P25191|SPIKE_CVBL9	54.545	33	15	0	1	99	1090	1122	0.010	33.9
MF996621.1-8/2	sp|Q91A26|SPIKE_CVBEN	54.545	33	15	0	1	99	1090	1122	0.010	33.9
MF996621.1-8/2	sp|P36334|SPIKE_CVHOC	54.545	33	15	0	1	99	1080	1112	0.010	33.9
MF996621.1-8/2	sp|P59594|SPIKE_CVHSA	48.485	33	17	0	1	99	978	1010	0.013	33.5
MF996621.1-8/2	sp|Q5MQD0|SPIKE_CVHN1	51.515	33	16	0	1	99	1081	1113	0.014	33.5
MF996621.1-8/2	sp|Q3LZX1|SPIKE_BCHK3	48.485	33	17	0	1	99	965	997	0.021	33.1
MF996621.1-8/2	sp|A3EXD0|SPIKE_BCHK5	51.515	33	16	0	1	99	1067	1099	0.022	33.1
MF996621.1-8/2	sp|Q8JSP8|SPIKE_CVPIA	54.545	33	15	0	1	99	1076	1108	0.022	33.1
MF996621.1-8/2	sp|Q8BB25|SPIKE_CVP67	54.545	33	15	0	1	99	1076	1108	0.022	33.1
MF996621.1-8/2	sp|Q0Q475|SPIKE_BC279	48.485	33	17	0	1	99	964	996	0.022	33.1
MF996621.1-8/2	sp|Q3I5J5|SPIKE_BCRP3	48.485	33	17	0	1	99	964	996	0.027	32.7
MF996621.1-8/2	sp|P25190|SPIKE_CVBF	51.515	33	16	0	1	99	1090	1122	0.032	32.7
MF996621.1-8/2	sp|Q0Q4F2|SPIKE_BC133	51.515	33	16	0	1	99	1067	1099	0.036	32.3
MF996621.1-8/2	sp|P25193|SPIKE_CVBQ	51.515	33	16	0	1	99	1090	1122	0.041	32.3
MF996621.1-8/2	sp|P15777|SPIKE_CVBM	51.515	33	16	0	1	99	1090	1122	0.041	32.3
MF996621.1-8/2	sp|Q0ZME7|SPIKE_CVHN5	48.485	33	17	0	1	99	1077	1109	0.050	32.0
MF996621.1-8/2	sp|Q14EB0|SPIKE_CVHN2	48.485	33	17	0	1	99	1077	1109	0.050	32.0
MF996621.1-8/2	sp|Q9IKD1|SPIKE_CVRSD	48.485	33	17	0	1	99	1082	1114	0.053	32.0
MF996621.1-8/2	sp|A3EX94|SPIKE_BCHK4	51.515	33	16	0	1	99	1069	1101	0.056	32.0
MF996621.1-8/2	sp|K9N5Q8|SPIKE_CVEMC	48.485	33	17	0	1	99	1070	1102	0.074	31.6
MF996621.1-8/2	sp|P11224|SPIKE_CVMA5	45.455	33	18	0	1	99	1046	1078	0.10	31.2
MF996621.1-8/2	sp|Q02385|SPIKE_CVMJC	45.455	33	18	0	1	99	1098	1130	0.21	30.4
MF996621.1-8/2	sp|P22432|SPIKE_CVM4	45.455	33	18	0	1	99	1098	1130	0.21	30.4
MF996621.1-8/2	sp|P11225|SPIKE_CVMJH	45.455	33	18	0	1	99	957	989	0.21	30.4
MF996621.1-8/2	sp|P12650|SPIKE_IBVK	45.455	33	18	0	1	99	869	901	0.25	30.0
MF996621.1-8/2	sp|P11223|SPIKE_IBVB	45.455	33	18	0	1	99	869	901	0.28	30.0
MF996621.1-8/2	sp|P12651|SPIKE_IBVM	42.424	33	19	0	1	99	869	901	1.3	28.1
MF996621.1-6/1	sp|Q6Q1S2|SPIKE_CVHNL	96.875	32	1	0	3	98	527	558	1.27e-14	67.8
MF996621.1-6/1	sp|P27655|SPIKE_CVPR8	78.571	14	3	0	57	98	381	394	0.27	30.0
MF996621.1-6/1	sp|P36300|SPIKE_CVCAI	78.571	14	3	0	57	98	608	621	0.27	30.0
MF996621.1-6/1	sp|P24413|SPIKE_CVPRM	78.571	14	3	0	57	98	381	394	0.27	30.0
MF996621.1-6/1	sp|Q7T6T3|SPIKE_CVCBG	78.571	14	3	0	57	98	609	622	0.28	30.0
MF996621.1-6/1	sp|Q65984|SPIKE_CVCAK	78.571	14	3	0	57	98	609	622	0.28	30.0
MF996621.1-6/1	sp|P33470|SPIKE_CVPMI	78.571	14	3	0	57	98	605	618	0.31	29.6
MF996621.1-6/1	sp|P18450|SPIKE_CVPFS	78.571	14	3	0	57	98	605	618	0.31	29.6
MF996621.1-6/1	sp|P07946|SPIKE_CVPPU	78.571	14	3	0	57	98	603	616	0.31	29.6
MF996621.1-6/1	sp|Q01977|SPIKE_CVPRT	78.571	14	3	0	57	98	603	616	0.31	29.6
MF996621.1-6/1	sp|P10033|SPIKE_FIPV	78.571	14	3	0	57	98	608	621	0.34	29.6
MF996621.1-6/1	sp|P15423|SPIKE_CVH22	50.000	18	9	0	45	98	360	377	3.5	26.9
MF996621.1-6/2	sp|Q6Q1S2|SPIKE_CVHNL	100.000	33	0	0	100	2	743	775	9.37e-15	68.2
MF996621.1-6/2	sp|P15423|SPIKE_CVH22	75.758	33	8	0	100	2	562	594	3.49e-09	52.4
MF996621.1-6/2	sp|Q9KLX7|FTHS_VIBCH	50.000	20	10	0	18	77	500	519	7.9	25.8
MF996621.1-4/1	sp|Q6Q1S2|SPIKE_CVHNL	96.875	32	1	0	98	3	1246	1277	1.19e-12	62.0
MF996621.1-4/1	sp|P15423|SPIKE_CVH22	59.375	32	13	0	98	3	1065	1096	0.001	36.6
MF996621.1-4/1	sp|Q65984|SPIKE_CVCAK	50.000	32	16	0	98	3	1344	1375	0.027	32.7
MF996621.1-4/1	sp|Q01977|SPIKE_CVPRT	50.000	32	16	0	98	3	1338	1369	0.030	32.7
MF996621.1-4/1	sp|P36300|SPIKE_CVCAI	50.000	32	16	0	98	3	1342	1373	0.031	32.7
MF996621.1-4/1	sp|P07946|SPIKE_CVPPU	50.000	32	16	0	98	3	1338	1369	0.032	32.3
MF996621.1-4/1	sp|P18450|SPIKE_CVPFS	50.000	32	16	0	98	3	1340	1371	0.034	32.3
MF996621.1-4/1	sp|Q7T6T3|SPIKE_CVCBG	46.875	32	17	0	98	3	1344	1375	0.035	32.3
MF996621.1-4/1	sp|P10033|SPIKE_FIPV	50.000	32	16	0	98	3	1343	1374	0.036	32.3
MF996621.1-4/1	sp|P33470|SPIKE_CVPMI	50.000	32	16	0	98	3	1340	1371	0.038	32.3
MF996621.1-4/1	sp|P27655|SPIKE_CVPR8	50.000	32	16	0	98	3	1116	1147	0.046	32.0
MF996621.1-4/1	sp|P24413|SPIKE_CVPRM	50.000	32	16	0	98	3	1116	1147	0.048	32.0
MF996621.1-4/1	sp|Q0Q466|SPIKE_BC512	46.875	32	17	0	98	3	1262	1293	0.18	30.4
MF996621.1-4/2	sp|Q6Q1S2|SPIKE_CVHNL	100.000	33	0	0	1	99	1040	1072	4.83e-15	68.9
MF996621.1-4/2	sp|P15423|SPIKE_CVH22	93.750	32	2	0	1	96	859	890	1.88e-13	64.3
MF996621.1-4/2	sp|Q0Q466|SPIKE_BC512	81.818	33	6	0	1	99	1055	1087	7.22e-10	54.3
MF996621.1-4/2	sp|Q01977|SPIKE_CVPRT	72.727	33	9	0	1	99	1127	1159	6.58e-09	51.6
MF996621.1-4/2	sp|P07946|SPIKE_CVPPU	72.727	33	9	0	1	99	1127	1159	6.91e-09	51.2
MF996621.1-4/2	sp|Q7T6T3|SPIKE_CVCBG	72.727	33	9	0	1	99	1133	1165	8.83e-09	51.2
MF996621.1-4/2	sp|P10033|SPIKE_FIPV	72.727	33	9	0	1	99	1132	1164	8.83e-09	51.2
MF996621.1-4/2	sp|P36300|SPIKE_CVCAI	72.727	33	9	0	1	99	1131	1163	8.83e-09	51.2
MF996621.1-4/2	sp|P33470|SPIKE_CVPMI	72.727	33	9	0	1	99	1129	1161	8.83e-09	51.2
MF996621.1-4/2	sp|Q65984|SPIKE_CVCAK	72.727	33	9	0	1	99	1133	1165	1.05e-08	50.8
MF996621.1-4/2	sp|P27655|SPIKE_CVPR8	72.727	33	9	0	1	99	905	937	1.25e-08	50.8
MF996621.1-4/2	sp|P24413|SPIKE_CVPRM	72.727	33	9	0	1	99	905	937	1.28e-08	50.4
MF996621.1-4/2	sp|P18450|SPIKE_CVPFS	69.697	33	10	0	1	99	1129	1161	4.49e-08	48.9
MF996621.1-4/2	sp|Q91AV1|SPIKE_PEDV7	72.727	33	9	0	1	99	1061	1093	5.05e-08	48.9
MF996621.1-4/2	sp|P05135|SPIKE_IBV6	65.625	32	11	0	1	96	848	879	1.46e-07	47.8
MF996621.1-4/2	sp|P12722|SPIKE_IBVD2	65.625	32	11	0	1	96	848	879	1.46e-07	47.8
MF996621.1-4/2	sp|P12651|SPIKE_IBVM	65.625	32	11	0	1	96	847	878	3.66e-07	46.6
MF996621.1-4/2	sp|P25194|SPIKE_CVBV	60.606	33	13	0	1	99	1068	1100	5.57e-07	45.8
MF996621.1-4/2	sp|Q8V436|SPIKE_CVBLU	60.606	33	13	0	1	99	1068	1100	5.57e-07	45.8
MF996621.1-4/2	sp|P25191|SPIKE_CVBL9	60.606	33	13	0	1	99	1068	1100	5.57e-07	45.8
MF996621.1-4/2	sp|Q91A26|SPIKE_CVBEN	60.606	33	13	0	1	99	1068	1100	5.57e-07	45.8
MF996621.1-4/2	sp|Q9QAQ8|SPIKE_CVBOK	60.606	33	13	0	1	99	1068	1100	6.02e-07	45.8
MF996621.1-4/2	sp|Q9QAR5|SPIKE_CVBLS	60.606	33	13	0	1	99	1068	1100	6.02e-07	45.8
MF996621.1-4/2	sp|P25192|SPIKE_CVBLY	60.606	33	13	0	1	99	1068	1100	6.20e-07	45.8
MF996621.1-4/2	sp|P36334|SPIKE_CVHOC	60.606	33	13	0	1	99	1058	1090	6.26e-07	45.8
MF996621.1-4/2	sp|P12650|SPIKE_IBVK	65.625	32	11	0	1	96	847	878	7.63e-07	45.4
MF996621.1-4/2	sp|Q5MQD0|SPIKE_CVHN1	60.606	33	13	0	1	99	1059	1091	9.00e-07	45.4
MF996621.1-4/2	sp|P25190|SPIKE_CVBF	57.576	33	14	0	1	99	1068	1100	9.83e-07	45.4
MF996621.1-4/2	sp|Q0ZME7|SPIKE_CVHN5	60.606	33	13	0	1	99	1055	1087	1.07e-06	45.1
MF996621.1-4/2	sp|Q14EB0|SPIKE_CVHN2	60.606	33	13	0	1	99	1055	1087	1.07e-06	45.1
MF996621.1-4/2	sp|P11223|SPIKE_IBVB	62.500	32	12	0	1	96	847	878	1.07e-06	45.1
MF996621.1-4/2	sp|P22432|SPIKE_CVM4	60.606	33	13	0	1	99	1076	1108	1.22e-06	45.1
MF996621.1-4/2	sp|P11225|SPIKE_CVMJH	60.606	33	13	0	1	99	935	967	1.31e-06	45.1
MF996621.1-4/2	sp|Q9IKD1|SPIKE_CVRSD	60.606	33	13	0	1	99	1060	1092	1.37e-06	45.1
MF996621.1-4/2	sp|Q8JSP8|SPIKE_CVPIA	60.606	33	13	0	1	99	1054	1086	1.41e-06	44.7
MF996621.1-4/2	sp|Q8BB25|SPIKE_CVP67	60.606	33	13	0	1	99	1054	1086	1.56e-06	44.7
MF996621.1-4/2	sp|P25193|SPIKE_CVBQ	59.375	32	13	0	1	96	1068	1099	2.13e-06	44.3
MF996621.1-4/2	sp|P15777|SPIKE_CVBM	59.375	32	13	0	1	96	1068	1099	2.13e-06	44.3
MF996621.1-4/2	sp|Q02385|SPIKE_CVMJC	60.606	33	13	0	1	99	1076	1108	2.33e-06	44.3
MF996621.1-4/2	sp|Q0Q4F2|SPIKE_BC133	57.576	33	14	0	1	99	1045	1077	5.26e-06	43.1
MF996621.1-4/2	sp|P11224|SPIKE_CVMA5	57.576	33	14	0	1	99	1024	1056	5.31e-06	43.1
MF996621.1-4/2	sp|A3EX94|SPIKE_BCHK4	57.576	33	14	0	1	99	1047	1079	9.39e-06	42.4
MF996621.1-4/2	sp|A3EXD0|SPIKE_BCHK5	54.545	33	15	0	1	99	1045	1077	1.73e-05	42.0
MF996621.1-4/2	sp|K9N5Q8|SPIKE_CVEMC	57.576	33	14	0	1	99	1048	1080	8.31e-05	40.0
MF996621.1-4/2	sp|P59594|SPIKE_CVHSA	51.613	31	15	0	1	93	956	986	6.30e-04	37.4
MF996621.1-4/2	sp|Q0Q475|SPIKE_BC279	51.613	31	15	0	1	93	942	972	0.001	36.6
MF996621.1-4/2	sp|Q3LZX1|SPIKE_BCHK3	51.613	31	15	0	1	93	943	973	0.001	36.6
MF996621.1-4/2	sp|Q3I5J5|SPIKE_BCRP3	51.613	31	15	0	1	93	942	972	0.001	36.6
MF996621.1-4/2	sp|Q4L976|CRTM_STAHJ	40.000	25	15	0	7	81	98	122	2.5	27.3
MF996621.1-2/1	sp|Q6Q1S2|SPIKE_CVHNL	96.970	33	1	0	2	100	945	977	9.94e-14	65.1
MF996621.1-2/1	sp|P15423|SPIKE_CVH22	87.879	33	4	0	2	100	764	796	1.34e-12	62.0
MF996621.1-2/1	sp|Q01977|SPIKE_CVPRT	72.727	33	9	0	2	100	1032	1064	4.05e-10	55.1
MF996621.1-2/1	sp|P07946|SPIKE_CVPPU	72.727	33	9	0	2	100	1032	1064	4.47e-10	54.7
MF996621.1-2/1	sp|P33470|SPIKE_CVPMI	72.727	33	9	0	2	100	1034	1066	5.12e-10	54.7
MF996621.1-2/1	sp|P18450|SPIKE_CVPFS	72.727	33	9	0	2	100	1034	1066	5.33e-10	54.7
MF996621.1-2/1	sp|Q0Q466|SPIKE_BC512	78.125	32	7	0	2	97	960	991	6.36e-10	54.3
MF996621.1-2/1	sp|P24413|SPIKE_CVPRM	72.727	33	9	0	2	100	810	842	7.37e-10	54.3
MF996621.1-2/1	sp|P27655|SPIKE_CVPR8	72.727	33	9	0	2	100	810	842	8.05e-10	53.9
MF996621.1-2/1	sp|P36300|SPIKE_CVCAI	75.000	32	8	0	2	97	1036	1067	1.01e-09	53.9
MF996621.1-2/1	sp|P10033|SPIKE_FIPV	75.000	32	8	0	2	97	1037	1068	1.09e-09	53.5
MF996621.1-2/1	sp|Q91AV1|SPIKE_PEDV7	75.000	32	8	0	2	97	966	997	1.45e-09	53.1
MF996621.1-2/1	sp|Q65984|SPIKE_CVCAK	71.875	32	9	0	2	97	1038	1069	1.69e-09	53.1
MF996621.1-2/1	sp|Q7T6T3|SPIKE_CVCBG	71.875	32	9	0	2	97	1038	1069	2.18e-09	52.8
MF996621.1-2/1	sp|P11224|SPIKE_CVMA5	48.485	33	17	0	2	100	943	975	1.81e-04	38.9
MF996621.1-2/1	sp|Q5MQD0|SPIKE_CVHN1	53.125	32	15	0	2	97	978	1009	2.29e-04	38.5
MF996621.1-2/1	sp|Q02385|SPIKE_CVMJC	48.485	33	17	0	2	100	995	1027	3.52e-04	38.1
MF996621.1-2/1	sp|P22432|SPIKE_CVM4	48.485	33	17	0	2	100	995	1027	3.52e-04	38.1
MF996621.1-2/1	sp|Q0ZME7|SPIKE_CVHN5	50.000	32	16	0	2	97	974	1005	3.78e-04	38.1
MF996621.1-2/1	sp|Q14EB0|SPIKE_CVHN2	50.000	32	16	0	2	97	974	1005	3.78e-04	38.1
MF996621.1-2/1	sp|Q9IKD1|SPIKE_CVRSD	45.455	33	18	0	2	100	979	1011	4.29e-04	37.7
MF996621.1-2/1	sp|P11225|SPIKE_CVMJH	48.485	33	17	0	2	100	854	886	5.71e-04	37.4
MF996621.1-2/1	sp|Q8V436|SPIKE_CVBLU	46.875	32	17	0	2	97	987	1018	0.001	36.6
MF996621.1-2/1	sp|Q9QAQ8|SPIKE_CVBOK	46.875	32	17	0	2	97	987	1018	0.001	36.6
MF996621.1-2/1	sp|P25191|SPIKE_CVBL9	46.875	32	17	0	2	97	987	1018	0.001	36.6
MF996621.1-2/1	sp|P25192|SPIKE_CVBLY	46.875	32	17	0	2	97	987	1018	0.001	36.6
MF996621.1-2/1	sp|Q9QAR5|SPIKE_CVBLS	46.875	32	17	0	2	97	987	1018	0.001	36.6
MF996621.1-2/1	sp|P25190|SPIKE_CVBF	46.875	32	17	0	2	97	987	1018	0.001	36.6
MF996621.1-2/1	sp|Q91A26|SPIKE_CVBEN	46.875	32	17	0	2	97	987	1018	0.001	36.6
MF996621.1-2/1	sp|P25194|SPIKE_CVBV	46.875	32	17	0	2	97	987	1018	0.001	36.6
MF996621.1-2/1	sp|A3EXG6|SPIKE_BCHK9	51.515	33	16	0	2	100	890	922	0.001	36.6
MF996621.1-2/1	sp|Q8JSP8|SPIKE_CVPIA	45.455	33	18	0	2	100	973	1005	0.002	36.2
MF996621.1-2/1	sp|Q8BB25|SPIKE_CVP67	45.455	33	18	0	2	100	973	1005	0.002	36.2
MF996621.1-2/1	sp|P36334|SPIKE_CVHOC	46.875	32	17	0	2	97	977	1008	0.002	35.8
MF996621.1-2/1	sp|P15777|SPIKE_CVBM	43.750	32	18	0	2	97	987	1018	0.004	35.0
MF996621.1-2/1	sp|P25193|SPIKE_CVBQ	43.750	32	18	0	2	97	987	1018	0.004	35.0
MF996621.1-2/1	sp|P12650|SPIKE_IBVK	45.455	33	18	0	2	100	766	798	0.007	34.3
MF996621.1-2/1	sp|A3EXD0|SPIKE_BCHK5	54.839	31	14	0	5	97	965	995	0.007	34.3
MF996621.1-2/1	sp|P12651|SPIKE_IBVM	45.455	33	18	0	2	100	766	798	0.008	34.3
MF996621.1-2/1	sp|P11223|SPIKE_IBVB	45.455	33	18	0	2	100	766	798	0.008	34.3
MF996621.1-2/1	sp|P05135|SPIKE_IBV6	45.455	33	18	0	2	100	767	799	0.009	34.3
MF996621.1-2/1	sp|A3EX94|SPIKE_BCHK4	51.613	31	15	0	5	97	967	997	0.009	34.3
MF996621.1-2/1	sp|Q0Q4F2|SPIKE_BC133	51.613	31	15	0	5	97	965	995	0.009	34.3
MF996621.1-2/1	sp|K9N5Q8|SPIKE_CVEMC	51.613	31	15	0	5	97	968	998	0.014	33.5
MF996621.1-2/1	sp|P12722|SPIKE_IBVD2	43.750	32	18	0	5	100	768	799	0.022	33.1
MF996621.1-2/1	sp|Q3LZX1|SPIKE_BCHK3	40.625	32	19	0	2	97	862	893	0.15	30.8
MF996621.1-2/1	sp|P59594|SPIKE_CVHSA	40.625	32	19	0	2	97	875	906	0.42	29.3
MF996621.1-2/1	sp|Q0Q475|SPIKE_BC279	40.625	32	19	0	2	97	861	892	0.63	28.9
MF996621.1-2/1	sp|Q3I5J5|SPIKE_BCRP3	41.379	29	17	0	11	97	864	892	1.4	28.1
MF996621.1-2/1	sp|Q6P1I3|CL066_MOUSE	61.905	21	7	1	3	65	250	269	4.3	26.6
MF996621.1-2/1	sp|Q9U4L6|TO401_DROME	56.250	16	7	0	5	52	316	331	8.4	25.8
MF996621.1-2/2	sp|Q6Q1S2|SPIKE_CVHNL	96.875	32	1	0	98	3	1148	1179	3.06e-14	66.6
MF996621.1-2/2	sp|P15423|SPIKE_CVH22	62.500	32	12	0	98	3	967	998	1.13e-07	47.8
MF996621.1-2/2	sp|Q0Q466|SPIKE_BC512	40.625	32	19	0	98	3	1164	1195	2.2	27.3
